label	text
24806	 причем просто сидеть раскручивать его дело полный программа после задержание подвергать пытка душить полиэтиленовый пакет пока игорь 
28262	 при это чувствовать себя отдыхать ночь капелька наоборот предстоящий рабочий день кажется почти что изощренный пытка  
24806	 этот пытка документировать показание десяток человек который 
24806	 плюс все что читать пытка испанский инквизиция плюс все 
24806	 испания требовать экстрадиция выдвигать также обвинение нарушение право человек массовый пытка заговор цель 
24806	 август год когда верховный суд чили лишать пиночет сенаторский неприкосновенность против быть возбуждать судебный преследование более чем обвинение похищение человек пытка убийство 
24806	 ибо отличие расхожий мнение будто отчаяние умирать сам оно прекращаться физический смерть главный его пытка состоять что 
24806	 однако проходить долгий московский зима наступать весна такой невыносимый далекий страна что только день ночь даже время год она быть противоположный московский сезон доноситься вести про новый расстрел арест тайный полиция убийство америка политэмигрант орландо летельер про пытка английский медсестра шейла кессидеть отзываться 
24806	 надо быть либо вставать уходить либо вступаться поругать яростный гость ценность как отличник урок как обманывать любовник пионер продолжать завороженно внимать рассказ про тюрьма арест пытка лагерь родной земля 
24806	 надо застонать будяев будто собираться подвергать пытка 
24806	 однако суд обвиняемый один голос заявлять что оговаривать себя под пытка 
28262	 сидеть почти неподвижно течение утомительно долгий перелет битком набитый боинг экономический класс где сидение показываться меньший чем наш самолет быть сущий пытка 
24806	 сейчас вполне мочь поувечивать мизя подвергать его пытка самый его смерть 
24806	 следственный дело оставаться лишь тот документ который играть рука следовательский версия выбивать подследственный иногда пытка только физический 
24806	 ничто ограничивать произвол следователь угрожать пытка член семья 
24806	 тут арестовываться андрей ксана ребенок вера костя конечно пытка истязание они держаться стойко 
28262	 работать ночной смена декабрь каждый ночь казаться пытка пятьдесят градус шутка 
28262	 человек забывать что октябрь год каждый проживать москва день казаться пытка 
24806	 думать что если человек узнавать почему иоанн креститель молиться головной боль или что великомученик артемий быть после пытка убивать огромный камень который 
24806	 сторонник старый вера начинать называть раскольник они становиться подвергаться жестокий гонение ссылка арест пытка казнь 
24806	 предварительный следствие год репин показывать что выдерживать продолжаться течение день истязание пытка рассказывать японец получать 
24806	 жалость феодосия она освобождать она надобность соблазнять охранник арестованный истома зрелище истомина казнь старушка смерть пытка после арест финал 
24806	 настя сообщение родственник заключенный один колония нижнегородский область находиться колония кавказец систематически подвергаться пытка издевательство инициировать администрация 
24806	 арестованный путана требовать называть имя знатный клиент цель они наказание наиболее упорный подвергать пытка облава арест настолько напугать 
24806	 это многие комментатор попадать тайный канцелярия подвергаться пытка казнь 
24806	 потом острый боль весь тело приводить себя опять начинаться борьба сам себя кто придумывать этот ужасный пытка конец мой нога как будто 
24806	 только вера партия чистота перед она только что подвергаться пытка оскорбление один час 
24806	 логика этот арест произвольный донос признание под пытка любой информация так или иначе 
24806	 если для прочий узник предусматриваться перерыв между истязание чтобы затягиваться рана алексей такой давать назначать максимально возможный для здоровье человек наказание пытка удар 
24806	 самый новый как представляться быть сказать этот область наш великий экономист теоретик кондратьев который погибать сталинский тюрьма после долгий год пытка мучение 
28262	 если обдирать каждый такой стебелек переборка голубика превращаться сущий пытка 
24806	 здесь царить полицейский произвол попираться гражданский право тюрьма применяться пытка 
24806	 никто должный подвергаться пытка насилие всякий иной жестокий или 
24806	 они обвиняться систематический жестокий избиение пытка иракец содержаться столичный тюрьма 
24806	 яркий пример проникновение сми ранее запретный область оказание воздействие общественный мнение последующий политический решение мочь служить помещение печать сообщение издевательство пытка иметь место иракский тюрьма 
28262	 это быть возмущение человек подвергать человек психологический пытка 
24806	 бабицкий при это проявлять осведомленность повод пытка российский тюрьма 
24806	 вот чуть смело высказываться повод массовый пытка истязание система мвд 
28262	 смочь это сущий пытка какой там легкость или 
28262	 очки рита раздражать несказанный они вовсе нормализовывать зрение весь это басня окулист действительность масса мелкий дело становиться сущий пытка прочитывать например напечатать исчезающе малый 
24806	 сейчас повезти тюрьма после пытка расстреливать 
24806	 сейчас повезти тюрьма после пытка отрубать рука нога распинать 
24806	 такой мера как заковывание кандалы или перевод хлеб вода пытка весь являться 
24806	 развитие психофизический качество стойкость уверенность себя хладнокровие выдержка нечувствительность боль многий другой противодействие пытка загиб залом каменный рука почему 
24806	 прежде все просить полный прекращение несправедливый пытка истязание отношение 
28262	 для они соблюдать садовская дисциплина еще разгар пресловутый кризис три год который сам себя проходить для такой малыш безболезненно сущий пытка 
24806	 ссылка посол или персональный пенсия это расстрел тюрьма пытка даже исключение партия 
24806	 кадар который ракош посадить тюрьма подвергать издевательство пытка держать под угроза расстрел 
24806	 тюрьма быть тюрьма хотя пенитенциарный порядок бывший империя теперь читать едва умиление никакой подавление личность унижение пытка мучение даже просьба молодой нигилист 
28262	 что казаться пытка для англичанин для индеец 
24806	 такой страсть называть тело болезнь смерть рок бремя неволя тюрьма пытка для душа такой нечеловеческий 
28262	 заодно вкладывать конверт подробный описание психологический пытка который подвергаться также 
24806	 тут работать профессионал они быть специально разрабатывать инструкция рекомендоваться например прерывать пытка чтобы давать рана затягиваться истязание 
28262	 модный тенденция сущий пытка во-первых каждый сезон появляться что-нибудь 
24806	 если тот читать они тот напряжение какой они писаться этот доклад должный быть становиться для изощренный пытка 
24806	 массовый расстрел пытка заложничество концлагерь тот число 
24806	 это значить порка пытка расстрел без суд 
24806	 быть немало случай когда маленков лично присутствовать допрос пытка арестованный 
24806	 пытка избиение лишение сон изнурительный ночной 
24806	 время суд отказываться показание заявлять пытка истязание который подвергаться 
24806	 каждый мочь вынести пытка непристойный искать виновный 
24806	 ход изучение документ открываться невероятный факт пытка человек мировой имя 
24806	 многие они посредством пытка получать ложный показание служить повод 
24806	 большевизм должный уходить ответственность практика неслыханный фальсификация ложный обвинение внесудебный приговор расстрел без суд следствие истязание пытка организация концлагерь 
28262	 ничто знать правда какой пытка какой оружие ныть 
24806	 изуверский устремление наклонность импонировать нюрнберг город безжалостный ландскнехт кровавый истязание достойный памятник который оставаться самый известный европа богатство экспонат музей пытка его знаменитый нюрнбергский железный 
24806	 думаться что лев романович быть должность помощник такой человек мочь знать как добываться признание враг народ согласно постулат вышинский признание царица доказательство хотя вериться что быть непосредственно причастный пытка истязание 
28262	 правда превращаться многий год мастер психологический пытка художник этот дело сохранять 
28262	 это быть сущий пытка сидеть духота возиться 
24806	 посудить сам такой кровавый след дорожный происшествие мой участие обходиться правда без жертва три час спустя втора участник происшествие погибать вместе пять свой сотрудник через сутки тягач след столкновение быть обнаруживать если можно так выражаться обрамление труп девять покойник среди они женщина след нечеловеческий пытка убивать впрочем тот 
28262	 почему-то мошка комар садиться запах быть особенный или кровь заговаривать бабка детство быть благословение свыше иначе северный болотное край жизнь превращаться медленный сводить пытка 
24806	 наверное мысленно готовиться описание допрос избиение пытка нечеловеческий мужество цып который 
24806	 иметься много достоверный рассказ факир религиозный фанатик средневековый ведьма колдун свидетельствовать что состояние экстаз они утрачивать чувствительность боль поразительный стойкость переносить самый невероятный истязание пытка 
24806	 один письмо эрнст тельман рассказывать как подвергаться пытка 
24806	 священник грандье давно подозревать связь дьявол после нечеловеческий пытка быть сжигать 
28262	 достаточно быть один психологический пытка без особый физический прием который 
24806	 болотистый место гнилой темница кровавый пытка истязание метоп 
24806	 однако главный орудие воздействие большинство участник судебный процесс быть пытка истязание 
24806	 они ничто обещаться что они называть себя ученик христос ничто кроме пытка слезать истязание смерть 
24806	 любопытствующий мочь пощупать орудие пытка святой инквизиция 
24806	 заявлять весь мир все весь гражданин воин свободный страна бороться фашизм также германский народ заявлять немецкий солдат охранный отряд фашист совершать столь непостижимый зверство что правый геббельс чернила наливаться кровь быть угрюмый фантазия самый дьявол придумывать подобный пиршество пытка смертный вопль мука жадный истязание 
24806	 сообщение подобный пытка истязание араб систематически появляться 
24806	 они заявлять что подвергаться пытка 
24806	 этот пытка быть ужасно чем истязание 
24806	 хорошо ведь знать солженицын что затхлый сундук вернуться арестованный год коммунист они тот страшный каторжный лагерь след пытка истязание 
28262	 хорошо быть спускаться вниз присоединяться свой один быть тошно или заваливаться спать подкладывать мешок под голова забываться потеряться пока подымать команда уходить донимать душа тоскливый пытка терзать жалеть себя продолжать 
24806	 голод истязание пытка груда мертвец живой скелет 
28262	 телевидение новый род мучение прибавляться дыба испанский сапог железный дева пытка дикторский текст выматывание душа энтузиазм 
28262	 хорошо продумывать пытка который они выносить тянуться бесконечно 
24806	 весь команда мери диир капитан испанский фрегат приказывать без суд следствие вздергивать рей томпсон его близкий помощник заковывать кандалы везти панама чтобы пытка вынуждать раскрывать тайна клад 
24806	 пират злодей редо далее под пытка показывать 
24806	 она опять обмякать объятие великодушно прекращать пытка 
24806	 огромный барби маша вставать деревянный чуть неловкий походка отправляться большой стол который быть раскладывать крошечный орудие пытка 
24806	 корчиться стальной балка плавиться камень огонь бесноваться словно выжигать дотла все бывший здесь парад пытка страх надежда 
24806	 конечно все мочь вынести такой пытка бывало оговаривать другой оговаривать себя 
24806	 время допрос пытка кто-то называть имя андрей сташенок 
24806	 чтобы они спасать избавлять пытка мучение смерть надо только 
24806	 боже мой что они делать привязывать стол камера пытка 
24806	 под пытка они хотеть заставлять выдавать 
24806	 совесть возрожденец мочь примиряться чтобы светлоумный муж смешать прочий грешник обрекать телесный пытка 
24806	 пытка состоять порция заключенный приносить 
24806	 прикреплять земля становиться прикреплять хозяин земля потом служивый человек представлять государство войско хозяин получать право суд над крепостной потом право московский пытка так она называть четыре век 
24806	 надо быть готовиться место далекий таборивать острить тюремный мрачно что после пытка выпаривание они ждать 
24806	 как пытка хотеть должный сказать 
24806	 сейчас михаил сидорович ужасать пытка страшно быть думать вдруг 
24806	 византийский иконоборство пытка инквизиция борьба ересь 
24806	 сила революция вступать союз страх смерть ужас перед пытка тоска охватывать тот кто 
24806	 мочь немедленно отправлять сад пытка ваш благожелатель кох 
24806	 сейчас быть кроме как мало быть наблюдательный рюхин теперь после пытка грузовик впервые остро 
24806	 они быть теперь тонкость изысканный пытка 
24806	 кто спрашиваться нужный весь этот пытка 
24806	 честь клясться понимать теперь понимать решительно как этот пытка выдерживать 
24806	 чего хотеть закричать крепко сжинать маленький рука палец хрустеть она вскрикивать змеиный натура выдерживать этот пытка 
24806	 второй эпоха заключать себя достопамятный отношение казнь царствование императрица елисавета когда один сторона существовать тайный канцелярия весьма инквизиционный обряд пытка другой уничтожать быть 
24806	 жена приходить голова что заставлять ребенок вот так тошнотворный подробно расписывать решение задача действие который решать секунда это самый настоящий пытка гарантировать способ отвращать 
24806	 угрожать побои пытка смерть давать бог 
24806	 эрудит оглядываться всемирный история писать жестокость революция казнь пытка садизм тюремщик 
24806	 про свита даже под самый страшный пытка мочь рассказывать только 
24806	 дикий судьба убийство бандит дочь подросток пытка милиция затем одиночный камера 
24806	 звать андреа вот фамилия спрашивать она под пытка вспомнить что-то шипеть длинный 
24806	 пусть причинять господь довольно обтекаемый реестр пытка тот вряд 
24806	 испанец гарридо написать про древний патологоанатом триллер расследование пытка предательство секс охота 
24806	 вот черт раскалять сковородка нет про мука пытка слово окружать местность поражать 
24806	 россия крупно должный мхитарян пытка правосудие 
24806	 шофер перевозить арестованный уборщица замывать пол после пытка начальник железный дорога направлять товарняк 
24806	 даже под пытка барбудос называть адрес 
24806	 вечер она становиться делиться свой любовный переживание пытка время инквизиция когда хромой 
24806	 через два месяц этот центр пытка умирать мой друг который 
24806	 каримов позиционировать нынешний узбекистан его коррупция пытка авторитаризм как демократический правовой государство 
24806	 под пытка обвиняемый называть качество сообщник 
24806	 режиссер писать униженный письмо глава госбезопасность генрих ягода просьба помилование родственник получать рука только обезображивать пытка тело 
24806	 интересно что сталин требовать максимальный разработка версия международный характер заговор даже давать личный указание чтобы следователь мгб активно применять работа подследственный пытка 
24806	 склон сплошь порастать древовидный кактус прямой как свеча зато кривой боковой побег похожий изувечивать палец раб терпеть пытка 
28262	 арсения казаться что там заводиться червь что его движение вызывать тот пытка который так трудно переносить 
24806	 дворец звон подкова арабский скакун мощеный улица стройный всадник сокол перчатка оторачивать горностай дама ручной гепард сиять самоцвет ошейник лютня паж карлик кинжал узкий коридор замок отрава серебряный кубок публичный пытка четвертование ослепление главный площадь 
24806	 возможно петр леонидович догадываться что пытка ландау мочь выколачивать любой 
24806	 кажется наделать глупость посылать роза или письмо мочь больше выдерживать этот пытка вчера гадать решето 
24806	 роль белогвардеец играть орьев антонов слободянюк который прошлый привлекаться уголовный ответственность нарушение социалистический законность бывший сотрудник нквд осуждать применение пытка другой незаконный метод ведение 
24806	 сажать нужно наверное даже часто многий преступник уходить наказание тюремный срок нетяжкий преступление должный быть отменять или уменьшать оправдывать пытка непомерный срок война экономический 
24806	 бояться смерть бояться пытка думать 
24806	 выбивать под пытка признание объявляться царица доказательство 
24806	 тот случай когда пытка срабатывать судья вполне мочь 
24806	 прямой вопрос как выстрел лоб пытка анжела снова валиться постель 
24806	 мочь они муж несовместимость попытка пытка тот день 
24806	 слышать как сан иваныч про средневековый пытка рассказывать 
24806	 тот под пытка много наболтать что 
24806	 знаковый видеться отставка полностью проваливать реформа глава мвд рашида нургалиев ведомство который погрязать громкий скандал тот число связывать пытка полиция 
24806	 багаев александр этот животное который подвергать пытка жестокий обращение каждый пленный 
24806	 десяток тысяча мирный житель проходить через концентрационный лагерь который минимальный данные быть умерщвлять голод холод непомерный рабский труд пытка издевательство просто расстреливать 
24806	 мужчина обращаться комитет против пытка его слово февраль 
24806	 надо сразу сказать что такой эксцесс жестокий обращение пытка правоохранительный орган они происходить 
24806	 просто избиение пытка электроток если рука нога 
24806	 если привлечение ответственность быть система пытка существовать качество исключение 
24806	 каслер слепящий мгла следователь рассказывать герой что целый ряд пытка возникать рутинный 
24806	 когда говориться гражданский контроль над полиция надо говорить про чтобы полицейский подходить вежливо подсказывать идти дом это вот про пытка 
24806	 про что россия быть пытка весь как знать 
24806	 про что россия быть пытка весь как знать 
24806	 алексей яковлев жена когда итальянец все-таки довезти водный центр они ждать самый страшный испытание точно пытка 
24806	 ряд случай факт пытка медицинский засвидетельствовать 
24806	 христофор рассказывать христос потрясать каллиникия акилина поклясться завязывать греховный жизнь принимать святой крещение ждать мучительный смерть пытка деция надоедать успех псоглавец проповедник 
24806	 стойкость они поколебать пытка рэкет 
24806	 как оклематься надо повторять так бить пока сдавать автобус пытка напоминать пробормотать валерий 
24806	 угрожать побои пытка смерть давать бог 
24806	 ингушетия начинаться суд над назир гулиев илез нальгиев милицейский начальник который обвинять бесчеловечный пытка задержанный 
24806	 они тот число заявление родитель зелимхан быть начинать дело пытка 
24806	 выходить свобода давать показание что оговаривать зелим под пытка 
24806	 настя несколько случай заключать протестовать против пытка вскрывать себя вена рука 
24806	 евгений тамошний хозяин скоро все просто давать разрешение попыткан пытка пробовать ехать быть шибко 
24806	 они перерыть святой город допрашивать его житель подвергать жестокий пытка чтобы разузнавать где скрывать знаменитый 
24806	 помниться только бабий причитание шешковский который самолично провожать подвергать пытка дверь даже пытаться помогать 
24806	 она просто давать умирать это пытка давать умирать согласный 
24806	 отказываться осуждать июньский демонстрация протест выступать жесткий критика власть который его слово проводить показательный судебный процесс наподобие сталинский помощь средневековый пытка пытаться выбивать обвиняемый признательный 
24806	 убивать ким сено жена вкус цвет как говориться албанский попс самый отвратный пытка мир автобус приштина 
24806	 наверняка заявлять отказ пытка летать тюрьма подобный 
24806	 однако как говаривать любимый вождь страна бесплатный совет попытка пытка 
24806	 ученый неминуемо ждать судьба итальянский философ джордано бруно который говорить бесконечный множество мир вселенная после несколько год пытка святой инквизиция заживо сжигать 
24806	 знать слово страшно вызывать они освобождать мальчик вдруг испугаться что сделать действительно совсем затихать бессилие невыносимый жестокость этот пытка 
24806	 нельзя она жалеть жестокий поливать ледяной вода душ успевать поймать себя мысль что если испытывать свой жертва жалость сострадание как этот санитар медвытрезвитель получать удовольствие садист бедный врачиха она быть куда добрый она ведь спасать спасать этот пытка саша сашенька нет молчать 
24806	 как только начинаться первый схватка начинаться пытка звук 
24806	 итог проявление становиться только что вместо пытка подвергать новый допрос 
24806	 шпионаж подозревать незадачливый переводчик что это выдумывать история про плен зачем подводить под пытка безвинный бродяга волох если 
24806	 они передаваться право про шатость измена всякий человек роспрашивати про они всякий сыск сыскивать кто что доходить пытка тот велетать пытати 
24806	 отказываться осуждать июньский демонстрация протест выступать жесткий критика власть который его слово проводить показательный судебный процесс наподобие сталинский помощь средневековый пытка пытаться выбивать обвиняемый признательный 
24806	 каунасский представительство нечистый сила сегодня самый большой мир ворота арестант музей пытка гааг 
24806	 после страшный пытка расстреливать вознесенский кузнецов 
24806	 книга этот действовать как пытка как камень приваливать грудь 
24806	 такой стойкость как гус презирать пытка смерть отстаивать свой концепция 
24806	 последний раз пытка длиться час 
24806	 через час считать мертвый прекращать пытка 
24806	 все вместе словно модернизировать танталов пытка видеть око зуб нейметь 
24806	 через двое сутки пытка слегка потеплеть потом повалить 
24806	 всего щепотка корица мочь превращать обезжиренный кефир овсяный каша вода прочий диетический блюдо ежедневный пытка удовольствие лакомство 
24806	 заявление кроме похищение фигурировать пытка избиение лишение пища сон 
24806	 похищать участвовать пытка заниматься только разработка клиент 
24806	 начинаться смута кончаться смута гражданский война восстание крестьянин казак поход крым восставать рубить мелочь боярин лекарь под пытка признаваться отравление царь 
24806	 ход роспрос первый пытка дюков сознаваться убийство жонки 
24806	 как везти девочка который выживать после его пытка 
24806	 вера молчание под пытка песня перед расстрел 
24806	 пилий опять ощущать ожог вспомнить крысиный мордочка алчный пытка прыщавый узбек ничего конечно 
24806	 тогда приходиться вместе искать этот чемодан значит опять допрос пытка опасность вот мака что 
24806	 любой после подобный пытка сознаваться даже убийство тутанхамон 
24806	 пытка прекращаться когда этот лампочка накапливаться 
24806	 игуана похоже умирать весь мастерство вивисектор быть недостаточно чтобы заставлять она выдерживать подобный пытка 
24806	 ноябрь обобщать добывать тот время уличать обер фискал материал пашков вынести постановление пытка алексей нестеров 
24806	 весь этот пытка согласно новый завет вынести иисус 
24806	 случайно сделать пауза выжидать когда завершаться допрос пытка 
24806	 февраль застенок пытка все повиниться 
24806	 поздно рассказывать реальный биография даже под пытка утверждать что царевич называться 
24806	 спрашивать откуда они безглазый под пытка выдавать безногий некогда бывший 
24806	 борис чувствовать недовольство боярин опасаться свой власть создавать сеть полицейский надзор опора который быть донос клевета начинаться опала пытка казнь сам царь все 
24806	 пытка наказание арестант оставаться обычный 
24806	 пожар вовремя подоспевать скандал получаться немалый после двухдневный пытка негатив отпускать полтора месяц 
24806	 телевизор сей пора снова снова демонстрировать легендарный поведение красный боец допрос белый изверг советский партизан под пытка гестапо 
24806	 автор записка деланно возмущаться как так представитель высокоразвитый коммунистический человечество маскироваться под местный житель планета где править бал средневековый варварство стискивать зуб наблюдать пытка казнь подобный ужас 
24806	 как весь состоятельный еврейский дом ребенок здесь учить музыка ежедневный бессмысленный пытка 
24806	 мочь исключать что весь этот сцена гореть первый храм царь навуходоносор пытка зидкиа толпа еврей гонимый 
24806	 ведь когда про пытка говорить так выражаться 
24806	 находить так знать радоваться или огорчаться брат никто узнавать после пытка 
24806	 европа бразилия везде доставать весь находить под пытка приказывать мучить резать 
24806	 чтобы выдерживать пытка медитация нужный только здоровый 
24806	 лидер координадора вообще передислоцировать вертолет загадочный база понимать центр пытка вечный отдых самый 
24806	 таков быть этот первый помощник как дальнейший узнавать палач садист лично участвовать пытка заключенный 
24806	 уже первый страница гневный скорбный иронически саркастический повествование вставать мрачный мир серый лагерь окружать колючий проволока заливать беспощадный электрический свет следовательский кабинет камера пытка столыпинский вагон ледяной смертный забой 
24806	 этот даже если грабитель начинать выбивать деньги под пытка быть себя богатей изображать 
24806	 кончаться этот пытка лишь когда родитель уезжать 
24806	 султан стоически терпеть первичный обработка известь даже вторичный когда безжалостно сдирать образовываться кожа корочка вновь повторять пытка 
24806	 камера пытка они часто все требовать 
24806	 отмазывать мешкова даже быть нелегко попытка пытка возражать гуров припоминать чтобы 
24806	 однако пожимать рука дидигов никто заставлять даже под пытка 
24806	 разрешать говорить вслух что рано никто говорить даже под пытка 
24806	 все сознаваться сказать верховный жрица под пытка сознаваться все 
24806	 суд сьютер библейский корень независимость суд как избегать пытка 
24806	 дык попытка пытка крайний случай можно сменить 
24806	 если женщина посчитать нужный соврать только под пытка 
24806	 потом это прибавляться дикий ревность мой бывший девушка под пытка ничто свой бывший 
24806	 международный конвенция ликвидация весь форма расовый дискриминация ратифицировать наш страна март конвенция против пытка другой жестокий бесчеловечный или 
24806	 чтобы успокаивать усиливаться раздражение британский военнослужащий недовольный сообщение возможный предъявление сослуживец обвинение совершение пытка убийство гражданский житель 
24806	 попытка интеллигентный вразумлять непрошенный гость кончаться вразумление сам вадим мучительный унизительный пытка как полагать покупка 
24806	 исследование быть жестокий много напоминать средневековый пытка 
24806	 что гринберг свой беда работать еврейский антифашистский комитет показание под пытка давать оба тот число 
24806	 ведь сколько контролировать уровень сдержка противовес когда речь идти сложный система воровство этот изживать попытка пытка что перечислять быть 
24806	 однако основной упор защита сделать что отношение ахмед закаев россия мочь быть применять пытка 
24806	 практика британский суд крайне распространять причина отказ экстрадиция пытка негуманный отношение заключенный 
24806	 таня макарова становиться татьяна под пытка она законно получать свой имя 
24806	 все усматривать некий мистический связь совпадение имя любимый дочь любимый героиня маргарита алигер ведь имя для дочь поэтесса выбирать как зоя под пытка называть себя таня 
24806	 один самый памятный сцена роман допрос время который садист властолюбец обрайен отечески обучать жертва тонкость двоемыслие тот требоваться подтверждать под пытка понимать прочувствовать весь душа 
24806	 хотя римлянин так суметь изгонять святой земля часть наш предок быть уничтожать ход жестокий война другой быть вынуждать принимать ислам противный случай они ждать либо пытка либо голодный смерть 
24806	 системность порождать рубрика пытка как будни россия бывший 
24806	 число необходимый реформа известный судья заслуживать юрист рсфср пашин относить прекращение пытка задержанный правоохранительный орган как 
24806	 отношение взяточничество незаконный метод расследование применение задержанный арестованный подозреваемый обвиняемый пытка насилие как безусловный 
24806	 путем осквернение пытка унижение оно отождествляться 
24806	 что касаться правоохранительный орган быть признавать что деятельность иметь место применение пытка другой недозволенный метод ведение 
24806	 армия так поступать совершать французский военный зверство отношение мирный население подозреваемый связь террорист многочисленный пытка убийство лишь прибавлять сепаратист 
24806	 выдерживать музыкальный пытка написать письмо лично сталин 
24806	 беззаконие ужас мочь начинаться вновь каждый любой момент мочь быть схватывать страшиться желать верить все неосознанный готовиться надругательство пытка как тогда себя 
24806	 дершовица предлагать даже узаконивать пытка отношение подозреваемый террорист применять 
24806	 исходить принцип состязательность презумпция невиновность сильно обрезать новый упк этот закон поощрять пытка фальсификация протокол судебный заседание 
24806	 никогда быть концлагерь видеть как уничтожать заключенный наблюдать пытка гестапо участвовать 
24806	 дублин инициировать судебный процесс против лондон обвинять британский власть ольстер нарушение статья европейский конвенция право человек запрещать превентивный арест пытка жестокий обращение заключенный 
24806	 после как год система розыскной инквизиционный процесс изымать пытка судопроизводство оказываться неэффективный малорезультативный 
24806	 публиковать год письмо ходасевич берберова американский славист дэвид бетеа давать такой примечание царевич алексей сын петр приговаривать казнь отец умирать пытка 
24806	 суд выясняться что весь основной улика сфабриковать сфальсифицировать следствие свидетель обвинение отказываться свой первоначальный показание данный под давление под пытка 
24806	 азербайджанец сообщать защитник что они подвергаться зверский побои пытка электроток что следствие домогаться 
24806	 неизвестный причина суд отказываться расследовать заявление адвокат пытка азербайджанец который приводить попытка 
24806	 когда дело быть давать задний ход признавать что самооговор добывать под пытка крикнуть встречать сокурсница уверенный 
28262	 впрочем возможно это быть просто магнитофонный запись для привлечение клиент убеждение они правильность выбирать всякий случай крик действительно соблазнять нерешительный индивид побуждать оно гибель пытка который так много тайна 
24806	 сердце один болеть теперь тамара ивановна весь она превращаться сгусток боль все она исходить пытка 
24806	 вечер когда начинаться этот пытка анатолий муж дома быть 
24806	 все это так ярко живо больно влипать тамара ивановна подобно кожа знать забывчивость что она бояться доискиваться все такой бывать давать она этот неизносный память пытка 
24806	 дисциплинка они высота красный бригада украсть премьер-министр альдо моро требовать только один чтобы рассказывать где встречаться заседать совет заправлять тайно управляющий мир умирать под пытка выдавать кино 
24806	 женщина местонахождение супруга выдавать даже под пытка 
24806	 слава бог пытка наказание весь тридцать 
24806	 правозащитник обращаться комитет оон против пытка куда уже направлять соответствовать письмо 
24806	 когда обнаруживать камера пытка когда находить фабрика 
24806	 скажем уругвай середина пытать только городской партизан тупамарос кончать пытка все конгрессмен священник 
24806	 ладно махнуть она рука попытка пытка круп все равный 
24806	 они мочь терпеть издевательство избиение пытка поборы сторона правоохранительный орган 
24806	 директива применение пытка сталин давать лично 
24806	 когда фадеев говорить пытка отвечать убежденно зато 
24806	 как быть торжествовать вождь когда даже гордый анна ахматова сламывать невыносимый моральный пытка отчаянно выдыхать этот день 
24806	 машина остывать как щипцы после затяжной пытка 
24806	 запрещать пытка александр вскоре после восшествие 
24806	 такой образ сторона быть всего лишь объект деятельность суд который исследовать дело при помощь пытка дыбы кнут раскаленный щипцы 
24806	 пытка быть главный рычаг весь система 
24806	 вот тот самый способ сделать удовольствие пытка 
24806	 так при очный ставка применяться допрос пытка допускаться применение присяга после 
24806	 основной признак следственный процесс период абсолютизм быть строгий тайный судопроизводство письменный форма процесс ограниченный процессуальный активность сторона применение пытка формальный оценка доказательство 
24806	 насколько юбилейный праздничный она сцена пытка казнь кочубей судить 
24806	 просить чтобы сотрудник применять жестокость пытка отношение заключенная привлекаться 
24806	 быть данные что отношение отец михаил применяться пытка полный объем 
24806	 несмотря гонение пытка клетка лев усечение меч 
24806	 как мужественно выдерживать допрос пытка ронять свой достоинство 
24806	 они либо бесследно исчезать либо обезображивать пытка тело быть продавать родственник погибший 
24806	 плечо она суровый военный дорога тут плен пытка голод холод наконец 
24806	 вода кран кухня капать капать раковина прямо пытка китайский казнь 
24806	 конфидент признаваться под пытка что вроде волынский сам 
24806	 мысль пытка неотступный присутствовать его сознание 
24806	 менее мочь окончательно понимать что никакой пытка надо 
24806	 надо сделать все чтобы этот человек под пытка показывать как великий княгиня дорога 
24806	 что должный быть похожий сцена пытка мучение 
24806	 что должный быть похожий сцена пытка мучение 
24806	 невзирая былой заслуга год герой гражданский война отец будущее поэт умирать под пытка место служба 
24806	 если мочь иметь право судить ахматов пытка ожидание надо сказать что заслуженный 
24806	 авдеев быть стоять свой даже под пытка даже смертный одр 
24806	 палач святой инквизиция всегда демонстрировать перед пытка орудие способ дознание авдеев 
24806	 рисовать картина полный беззащитность арестованный перед произвол слепой сила когда тщетный любой довод разум логика когда подследственный издевательство пытка выбивать угодный следствие признание 
24806	 подозревать они искать мой лицо рука след пытка 
24806	 англия выпускать тюрьма человек который под пытка признаваться несовершенный преступление 
24806	 почти весь они время ежовщина успевать садиться тюрьма подвергаться пытка 
24806	 данные ниц мемориал розенблюм под пытка подписывать весь возводить 
24806	 приличный зализывать плита мэрия выходить река покрывать многострадальный земля гревский площадь место казнь пытка 
24806	 спустя полчаса выжимать это мера горячий финский парень максимум возможный подвигнуть даже небольшой фотосессия уступать место столик ждать свой очередь английский коллега пусть теперь подвергаться пытка райкконен задерживаться еще некоторый 
24806	 ведь флавий это только один сорок мученик подвергаться жестокий пытка вера год 
24806	 перед предлагать сделать фильм книга данте его любовь беатриче любовь беатриче при что она даже здороваться только весь город читать стих она сам беатриче подходить такой изощрять форма превосходство над бедный девочка любовь пытка 
24806	 мочь быть самый пытка давать передышка 
24806	 собирать поджигатель заговорщик тюрьма ссылка хлеб единый пытка инквизиция прошедший 
24806	 никогда страдалец находить тот лазейка тот самый ход что приводить камера пытка хоть кричать божиться тыкать 
24806	 тот уже напридумывать уловка избежание пытка зоркость юнис время 
24806	 зной лежать земля как раскалять пятак ладонь пытка толстый слой саманный шкура 
24806	 фокс под название камера иметься вид камера пытка участник турнир раздевать трусы 
24806	 они как писать критик кэрин джеймс становиться культурный барометр соединять штат ибо приравнивать развлечение такой вещь как пытка похищение заложничество 
24806	 смерть старик сказать нарочито небрежно мимоходом его время кончаться давно его пытка память становиться профессиональный занятие историк 
24806	 даже больница рассказывать пытка подробно хотеться рассказывать значит 
24806	 ведь джулия теперь ариадна герой рассказывать про пытка застенок следователь 
24806	 стыдно быть рассказывать потому что перетерпеть пытка только несчастие 
24806	 по-бабски рассуждать наверное справедливо как отомщать пытка мочь быть джулия посылать 
24806	 бежать потому что отчаянно бояться арест бояться смерть пытка бежать потому что немощный слабый 
24806	 нет просто быть уверенный весь быть уверенный что пытка расстрел лагерь необходимый 
24806	 вспомнить как мочь быть шутка говорить что если взять плен под пытка выдавать весь тайна 
24806	 государственный дума готовиться рассматривать первый чтение ряд законопроект касаться ответственность применение гражданин весь вид пытка 
24806	 видеозапись зафиксировать как под пытка пленник сознаваться сотрудничество 
24806	 если считать тот что класс пытка словом много все 
24806	 оно правильный сигнализация противоугонный система поверка оказываться разный понятие электронный блок который молча терпеть весь пытка угонщик часто оказываться гораздо полезный 
24806	 среди наука преподавать боевик талибана пакистанский лагерь проведение чудовищный пытка применять как способ допрос 
24806	 третий самый кровожадный придумывать настоящий пытка она купить тысяча булавка 
24806	 лишь когда колонист поджигать этот дом колдун молчать даже под пытка заговаривать 
24806	 опрашивать директор школа преподаватель предметник дружно отзываться проверка тестирование как пытка инквизитор 
24806	 зверский пытка избиение подвал печально 
24806	 они принуждать отрекаться вера приносить языческий жертва тот кто отказываться мучить восточный изобретательность пытка 
24806	 скорый ответ послужить залог добрый здравие бастард аггей присутствовать здесь подвергаться пытка 
24806	 скорый ответ послужить залог добрый здравие бастард аггей присутствовать здесь подвергаться пытка относительно 
24806	 хрупкий женщина орудовать ядерный спина говорить что понимать как можно быть сделать банальный транспортный средство камера пытка 
24806	 так изрезанный окровавленный рука они мучаться голод пытка этот нет конец 
24806	 что знать она вытягивать буквально под пытка 
24806	 она даже приходиться себя уговаривать что сейчас резон думать таинственный спецслужба пытка также волноваться друг 
24806	 теперь уже знать что именно тогда начало год это сказать хрущев свой секретный доклад съезд партия быть давать сталин официальный разрешение применение пытка практика нквд 
24806	 конечно пытка применяться рано произвольно 
24806	 что применяться пытка теперь совершенно ясно через восемь 
24806	 что что становиться надо быть сламывать это получаться даже после длительный обработка карцер немыслимый условие содержание возможно пытка чем прозрачно давать понимать 
24806	 черемуха мой тот проболтаться под пытка божество под его диктант 
24806	 что сразу все признаваться выдерживать пытка 
24806	 вовик помимо все прочее подводить под история пытка строгий научный база 
24806	 демочка так этак пытаться намекать хромой что все тут так просто этот пытка что мосгаз сравнение 
24806	 проводить связь это операция сила разведка отряд позволять захватить язык который под пытка показывать что являться член группа 
24806	 его цепкий память хранить свой амбар сведение факт который нормальный человек мочь запоминать только под пытка 
24806	 сейчас начинаться пытка откручивание голова причем откручиваться 
24806	 быть обстреливать попадать контрразведка француз наполовину потерять рассудок пытка через пять год тюрьма 
24806	 она выдавать даже под страшный пытка 
24806	 ведь избиение который только что подвергать ваш улыбчивый бандит пытка практиковать именно порядок подготовка 
24806	 сила ваш опять должный извиняться субъективность оценка исторический инфантильность наивно ассоциировать пытка допрос 
24806	 быть компетентный область допрос раз жизнь никто допрашивать весь мочь удерживаться скепсис отношение эффективность пытка как метод допрос 
24806	 вот четвертый наиболее тяжелый ваш ошибка считать этот избиение позволение сказать пытка 
24806	 оно однако даже отдаленно мочь быть сравнимый что называть пытка что самый 
24806	 когда тот дегенерат третий излагать свой концепция пытка корчиться пол 
24806	 боб обучать искусство форсированный дознание соответственно сопротивление просто говорить поведение под пытка 
24806	 просторный прогревать солнце окно ресторанный зальце пока вкушать шурпа курица под чесночный соус она сообщать что чимкент называть казахстанский техас что город приезжать московский выставка восковой фигура пытка наказание весь время 
24806	 что признаваться сразу без пытка что его натуральный фамилия визборас 
24806	 впрочем пытка устраивать хорват сафин нельзя называть 
24806	 избиение садистский пытка публичный казнь прочий прелесть 
24806	 многие умирать пытка оправдательный приговор приказ практически 
24806	 тюрьма говорить такой пытка самый страшный свет лампочка 
24806	 тут храниться гравюра изображать различный пытка казнь 
24806	 так понимать что пытать помощь этот щипцы умирать под пытка 
24806	 этот глава хотеть поведывать судьба миллион наш соотечественник расстреливать замучивать пытка умерший голод повешенный 
24806	 украина тыс заключенный подвергаться пытка 
24806	 депутат называть большой победа введение статья украинский уголовный кодекс уголовный ответственность применение пытка заключенный 
24806	 никто участник уголовный судопроизводство мочь подвергаться насилие пытка другой жестокий или унижать человеческий 
24806	 последний надежда произносить настолько радостно что тамара невольно улыбаться мрак подпол едва разбавлять лучик щель вокруг люк ожидание пытка самый время радоваться время 
24806	 затем она готовиться принимать пытка некогда влюблять 
24806	 запрещать пытка милость сыпаться страна как 
24806	 сразу стоить отмечать настоящий пытка становиться применяться тюрьма нквд 
24806	 ясный мотив переход православный иерарх католичество который говориться следственный дело оно мочь быть доказательство ибо изготавливать фабрика пытка 
24806	 чтоб про серпухов рассказывать про пытка 
24806	 тот кто пытка квартира артур устраивать 
24806	 она действовать так первый взгляд нелепо потому что подсознательно стремиться торопить событие бояться столько самый смерть сколько пытка ожидание 
24806	 инструмент пытка говорить сименон показывать твердый 
24806	 мочь быть оттого что его обязанность гид кончаться теперь мочь снова засаживаться свой инструмент пытка писать новый повесть 
24806	 смысл этот статья быть примерно таков что определенный часть население киев несомненно симпатизировать совет подвергаться своеобразный пытка страх вполне естественно закономерный 
24806	 кольцов быть уже обрекать сталин готовый быть предоставлять возможность оканчивать свой день проходить через мучительный этап арест пытка расстрел качество враг 
24806	 учитывать сумма валюта выдавать карманный расход весь вышеперечисленный ужас степень воздействие организм неискушенный советский турист мочь быть приравнивать лишь изощренный средневековый пытка 
24806	 зырянин молчать суживать глаз лицо его быть напряженный будто пытка 
24806	 себя так тот который скончаться блаженный кончина дома свой кровать темница оковы пытка плакать проливать слеза 
24806	 она умолять оставлять она покой наедине горе она совать под нос различный самый современный оружие алик его документ фотография совершенно другой фамилия который алик разный тайник находить великий множество каждый интервью быть для она пытка полиция самый 
24806	 автор изуверский трактат молот ведьма шпренгер инститорис весь мир восславлять пытка костер инквизиция 
24806	 любой человек попадать российский тюрьма иметь никакой право кроме как подвергаться избиение пытка что 
24806	 болезнь платон быть тайна семья обухов который родитель платон решаться рассказывать лишь после как следствие течение продолжительный время игнорировать факт его психический заболевание самый подвергать платон тяжелый моральный пытка 
24806	 осужденный год тюрьма процесс так называть антисоветский правотроцкистский блок дмитрий плетнев врач мировой имя писать тюрьма январь год имя ворошилов применяться ужасающий ругань угроза смертный казнь таскание шиворот душение горло пытка недосыпание течение неделя 
24806	 или напротив доноситель быть подвергаться пытка наравне подозревать как 
24806	 после пытка бессонница допрос когда она 
24806	 попытка пытка как говаривать товарищ берия 
24806	 несмотря весь свой актерский способность такой пытка вряд мочь выдерживать 
24806	 час десять конец конец попытка пытка пускать 
24806	 допрашивать судя протокол один единственный раз категорически отвергать весь обвинение устаивать под пытка никакой признание подписывать 
24806	 держаться исключительно стойко хотя уличать другой польский террорист тот число видный деятель партия вчк гпу красный армия уншлихт который отказываться свой показание суд суметь лишь вымолвить смочь перенести пытка 
24806	 ельцин пойти далеко уничтожать ссср решать российский республика сделать соединять штат америка капитулировать выдерживать пытка роскошь 
24806	 часто все подобный пытка роскошь вмешиваться обыкновенный показуха обман 
24806	 невыносимый пытка продолжаться долго время идти 
24806	 страшный зрелище жуткий пытка она так мучиться бедняжка 
24806	 грузин под пытка все указывать 
24806	 бетон под пытка этот сволочь погибать наш приятель 
24806	 через быть видный комната напоминать средневековый камера пытка только модернизировать сверхсовременный оборудование 
24806	 сомневаться что под пытка этот человек мочь что-либо выдавать 
24806	 как зоя космодемьянский даже под пытка тайна разглашать 
24806	 цель пытка быть понуждение узник признавать все 
24806	 возвращать понятие честь тот иронический кастовый общедемократический общенациональный смысл что быть заповедовать пушкин первый клад мой честь быть клад этот пытка отнимать 
24806	 если арутюнян после жестокий избиение пытка оставаться место весь зуб 
24806	 труп арутюнян след пытка они ничто кроме головной боль 
24806	 наверное про себя быть молиться чтобы пытка скоро кончаться чтобы пристрелить 
24806	 короче шушара тот генеральский взять пытка глупый разговор тот 
24806	 прапорщик первый чеченский война чеченец плен попадать они его пытка сламывать свой сторона 
24806	 пытка надежда быть нескончаемый как 
24806	 офицер все равный колоться петька предлагать чапаев применять пытка давать завтра опохмеляться 
24806	 церковь осуждаться пытка различный форма унижение подследственный 
24806	 право защита пытка другой жестокий бесчеловечный или 
24806	 скажем дело доходить суд факт пытка иметь место 
24806	 показывать без очередь мощь святой екатерина она святой потому что даже под пытка отрекаться вера 
24806	 возвращение россия алексей подвергаться допрос пытка признаваться изменнический намерение 
24806	 наконец внимательно читать документ можно видеть что утверждаться что упоминать допрос под пытка иметь отношение царевич 
24806	 последний допрос царевич состояться июнь последний по-видимому без пытка этот день запись 
24806	 слово долетать опоздание вибрировать растягиваться жгутик снова сгущаться африканский узор стена плясать гримасничать полулежать кресло курить наблюдать как андрей суетиться комната залезать стул балансировать один нога пытаться прилеплять центр потолок белый пластиковый звезда она отваливаться тереть потолок мокрый тряпка потолок образовываться грязный серый пятно неврастеничный очертание окно тяжело шевелиться голый ветвь семья ворон что-то делить балкон снег конец март разновидность китайский пытка андрей вновь сила шлепать 
24806	 через несколько минута пытка васильев удивление бандит показывать 
24806	 даже если ярый быть кругом проигрыш весь равный доставать этот обнаглеть делец стригущий деньги спекуляция натурный съемка пытка смерть военнопленный русский ребята 
24806	 ход журналистский расследование наш собственный корреспондент подвергаться пытка шантаж угроза сторона 
24806	 некоторые они после пытка выводить свой кровь стена 
24806	 мальчик девочка пионерский галстук держать рука шпаргалка сей раз составлять горячий участие учитель пламенно говорить что если они оказываться под гестаповский пытка выдерживать как бессмертный 
24806	 очень легко бить себя грудь заявлять что выдерживать все пытка 
24806	 изображение адский пытка прямо противоречить толкование богослов тот 
24806	 его пытка счастие продолжаться недолго 
24806	 факультет уже прочитывать доклад хрущев двадцатый съезд про пытка лагерь массовый истребление паранойя 
24806	 вынести творческий пытка она буквально накидываться 
24806	 тот самый время даваться некий знание оно быть давать первый секунда показ далеко этот пытка лишь длиться быть давать 
24806	 минута тридцать они старый седой внимательно следить как блестеть пот голый актер гоняться друг друг разнообразный орудие пытка рука 
24806	 как долго догадываться что принадлежать гонимый преследовать обреченный пытка смерть племя 
24806	 попытка пытка везти кроме дежурная 
24806	 она оглаживать свой колено обивка диван подлокотник все требовать прикосновение ласковый пытка 
24806	 самый трудный выдерживать пытка после игра когда нога отходить 
24806	 свидетельство адвокат долгий время допускаться дахкильгов его подзащитный подвергаться пытка цель получение признательный показание 
24806	 ход следствие применяться незаконный метод дознание эскиев жестоко избивать применять пытка склонять дача признательный показание 
24806	 слово павел крашенинников содержание такой заключенный условие полный неопределенность сравнимый пытка что недопустимо только 
24806	 какой хлопкороб мочь потерять страна мочь сказать что среди сын солнечный узбекистан добросовестно засорять ряд советский армия этот парень блистать мочь подтверждать под пытка сгущенка 
24806	 сам характер исламский революция заключаться что весь шахский наследие быть оставлять только пытка все остальное включая западный 
24806	 перед концерт пугачев ходить кулиса она всегда перед как выбегать сцена нервно ходить туда-сюда прямой встряхивать кисть рука бормотать этот пытка никогда кончаться 
24806	 только потом узнавать что добиваться признание отец жестоко избивать заставлять сутки стоять узкий карцер лишать сон сажать один камера уголовник подвергать более изощрять пытка 
24806	 четыре помощник молотов погибать трое расстреливать застенок нквд четвертый вынести пытка бросаться шахта лифт 
24806	 белый полотно постель верхний вздергивать губа гнуться тонкий тело пытка отдавать 
24806	 чтобы заговаривать под пытка она сам откусывать себя язык 
24806	 лично саддам участвовать пытка расстрел свой жертва подавать 
24806	 сегодня разбивать машина пытка амин его приспешник дикий 
24806	 надежда бесик зураб уверенно указывать два палач тот беспечно снимать маска время еда перерыв между пытка 
24806	 сквозь стенка долетать страшный слово расстрел пытка лагерь 
24806	 державин искусство воскресать казнь пытка бить как кресало 
24806	 потом начинаться следствие где весь тот данные выбиваться пытка издевательство 
24806	 мочь потерять нэди совсем навсегда без всякий пытка расстрел она побелеть ноготь посинеть 
24806	 после пытка приговор зоя орьяхов фото рубен 
24806	 среди многочисленный претензия адвокат следствие самый существенный пытка применять его подзащитный 
24806	 депрессия король становиться все часто часто пытка оргия все страшно 
24806	 после пытка ледяной вода солдат выдавать 
24806	 метафизический страх мочь мнить что пытка плаха предел весь мука 
24806	 когда соловьев пытаться объяснять что признание вырывать под пытка следователь грозить карцер обряд 
24806	 тот проигрыватель который доставлять комната бах моцарт вивальди становиться орудие пытка рука сосед 
24806	 потом тот пытка начинаться ледик 
24806	 потом происходить разрыв чан кайша цюбо схватывать пытать выдерживать пытка никто предавать тут 
24806	 после утренний пытка газета хоть вечер они мочь 
24806	 пытка этот теперь быть список убитый 
24806	 такой деньги они под пытка молчать быть 
24806	 злой полицейский угрожать арестованный страшный пытка требовать чтобы полностью 
24806	 весь свой сообщник выдавать только называть имя ваш главарь обещать что избавлять пытка 
24806	 оказываться что отделываться только разбитый бровь мужественно переносить пытка болезнь становиться приезжать работа 
24806	 так снимать этот орудие пытка вздыхать она 
24806	 дело оказываться отбрасывать эпоха который западный европа тот время потихоньку миновать пытка варварство система формальный 
24806	 услышать что нести под пытка теперь подтверждать двое сослуживец 
24806	 берия проводить пора пытка лично присутствовать допрос 
24806	 этингер вероятно пытать так что умирать под пытка 
24806	 читатель видеть здесь признание применение пытка 
24806	 житие время пытка ран татьяна течь молоко 
24806	 язычник узнавать его вера вызывать суд подвергать пытка 
24806	 пытка неизвестность придумывать давно действовать 
24806	 причем ваш быстротечный конец вызывать истинный зависть когда сравнивать череда китайский пытка уготовать 
24806	 тот хотя сомневаться совершаться такой образ серьезный ошибка конец конец махнуть рука попытка пытка 
24806	 слово софичка получаться что страшный все быть пытка конторский гвоздь что 
24806	 ради дружба все даже этот пытка затягиваться получаться любовь 
24806	 способный считать час доводить умоисступление пытка освещение стон мольба 
28262	 для каждый утро это пытка потому что нужно заставлять себя 
24806	 сбивчивый недостоверный показание наряду прямой косвенный улика указывать несомненный причастность колдовство грубый суеверие приводить вывод необходимость проводить допрос под пытка 
24806	 время пытка они задаваться вопрос касательно тот 
24806	 время пытка они задаваться вопрос касательно тот 
24806	 если умеренно пытать продолжать запираться перед раскладываться иной орудие пытка предупреждаться что они 
24806	 судья следовать позаботиться чтобы заключать весь время между пытка быть под наблюдение стража 
24806	 обвиняемая рехильда миллер быть подвергать допрос под пытка сознаваться что вступать 
24806	 мочь подвергать пытка сообщать включать кофеварка 
24806	 почему подвергать его пытка выкрикивать она 
24806	 осведомляться дозволять она покидать этот вертеп эксплуататорский разврат или кровосос желать задерживать она подвергать пытка 
24806	 заглядывать магистр попытка пытка деньги нужный оставаться наедине 
24806	 ожидать что угодно ловушка подкоп сражение пленение пытка даже смерть только пустота 
24806	 вина свой так признавать выдерживать пытка лагерный администрация держаться независимо 
24806	 она признаваться что она быть дочь даже под пытка 
24806	 заставлять любой пытка заставлять олег вернуть игорь 
24806	 трувор белоголовый быть лично повинный убийство новгородец пытка казнь родственник друг 
24806	 если схватывать мочь признаваться под пытка кто приказывать убивать родной 
24806	 когда отсиживаться генуя сорок четвертый рассказывать как после похищение муссолини прятаться все враг друг погреб пиццерия кривой джакопо серпенто пицца приходиться есть завтрак обед ужин запивать молодой вино уже через месяц это превращаться пытка 
24806	 что думать что отрекаться под неврозный пытка рано или поздно все 
24806	 сам трусить издавать хоть звук потому что кружить кровать точно под пытка колесо душить водочный 
24806	 стоять милиционер посреди пахнуть халва печение чайхана они прилавок ненавидеть как пытка выдерживать этот запах 
24806	 мама чувствовать что мир который она прежде состоять братский нежный отношение отступать она как кромка пересыхать озеро изменяться сам звучание жизнь она переставать болтать свой легкий цветастый язык ситцевый крепдешиновый пытка отдаваться голова монотонный дождь 
24806	 тут один черт милосердный сообразительный остальной опрометью выбегать палата через несколько секунда музыкальный пытка кончаться что отец 
24806	 под пытка настоящий статья другой 
24806	 механизм исповедь как известно приводиться движение раскаяние сознание греховность чувство вина содеять угроза наказание или пытка 
24806	 наслаждение вспоминать приезд пайерлс более что они подвергать пытка английский язык 
24806	 стрелец пытать его сам один они протоколировать все что доктор говорить под пытка этот человек мочь быть 
24806	 ника известие быть сказать что выходить тюрьма один друг его отец сообщать что нквд бить заключать применять пытка 
24806	 проходить она пытка тринадцать сутки подряд без сон 
24806	 продолжаться этот пытка тот пора пока клара 
24806	 под пытка арестованный сознаваться что 
24806	 про лесозаготовка про пытка пенек про секирка 
24806	 агафон ильич харитонов муж даже под пытка персидский жена это ведь сталин считать осетин 
24806	 вышестоящий командование как будто специально устраивать пытка лишать сон 
24806	 преступление большевик который россия быть равный время пугачевский бунт весь христианский мир время первый республика мочь смущать его душа разум потому что большевик представляться воплощение абсолютный всеобщий зло самость зло ужасный быть что весь этот преступление организовывать поощрять большевик расстрел несогласный пытка подозреваемый захват заложник убийство священнослужитель 
24806	 она смотреть они как там они смотреть друг друг раненый глаз этот пытка быть конец 
24806	 летописец имам мухаммед тахир карахский писать этот страшный день защитник ахульго смерть больше избегать искать как высокий благо как окончание весь мука пытка 
24806	 тот поверять однажды что количество непременно переходить качество наращивать децибелла пениться переливаться через край монотонно увеличивать производство пузырь они наконец заполнять пространство время они становиться видно приговаривать пытка словом сам оратор 
24806	 последний раз она продемонстрировать витька увядший сад пытка страсть начало война 
24806	 очень нужный быть лошадь потому что трое оставаться ровный счет три здоровый нога последний километр представляться пытка 
24806	 что признаваться под пытка друг 
24806	 скоро расстреливать однако рано чем пытка лишать рассудок выбивать 
24806	 первый клад мой честь быть клад этот пытка отнимать 
24806	 год война быть арестовывать трагически погибать тюрьма после пытка 
24806	 догадываться что государь быть при казнь она одеваться белый шелковый платье черный лента без сомнение надежда что красота хотя уже поблекнуть пытка заточение производить однако впечатление 
24806	 все равный конец семейный пытка герцен полагать быть 
24806	 сколь тяжкий быть избыток мука смерть терзание пытка 
24806	 известный все подвальный пытка тот год поражать присутствовать 
24806	 как известь белый санька стойко выдерживать этот пытка успевать соображать что 
24806	 никто должный подвергаться пытка насилие другой жестокий или унижать 
24806	 фальсификация называть свидетельство применять дом правительство пытка 
24806	 подобный эпизод как назло один другой запузыриться память даже под пытка никогда рассказывать этот 
24806	 сектант ордал возрождать кровавый обряд древность пытка казнь жертвоприношение оргия 
24806	 попытка пытка рассказывать заместитель главный инженер ленинградский 
24806	 она воевать первый наивный представление земля покоиться сказочный слон черепаха развенчивать библейский легенда рваться сгорать истина через костер пытка всегда весь век 
24806	 искусство воскресать казнь пытка бить как кресало 
24806	 обгорелый изуродовать рублевский икона фреска деловитый ограбление храм воин тащить золото сдирать купол страшный пытка казначей храм патрикей 
24806	 так как набег образ более широкий емкий чем один определенный сражение хотя конкретный подробность его например пытка патрикей быть почерпать летопись 
24806	 вряд когда уже увидеть фото умирать кувейтский ребенок жертва пытка казнь кувейтец вообще 
24806	 выдерживать ради спасение жена несколько голодовка пытка искусственный кормление как никто 
24806	 как гаварыть лаврэнтий павлович папытка пытка 
24806	 много рассуждать процесс объяснять признание обвиняемый пытка 
24806	 бухарин очевидно внушать что показание достигаться пытка 
24806	 ужасать пытка лефортовский тюрьма слышать 
24806	 самый страшный пытка уже совершать андрей яковлевич 
24806	 хотя что символизировать никогда мочь добиваться даже пытка ну-ка цецилия твой часть 
24806	 отказываться весь свой показание поскольку они быть давать под пытка угроза 
24806	 если узнавать что человек под пытка или под угроза 
24806	 под пытка человек мочь отвечать 
24806	 деятельность эйха уже рассказывать шеболдаев читать материал посвящать шолохов весь трое погибать под пытка посадить они поздно когда 
24806	 следствие вестись видимо еще без применение пытка имя обвиняемый 
24806	 после это сталин пристыжать орджоникидзе направлять вырывать под пытка ложный показание 
24806	 спор обсуждение начинаться конференция или страница печать заканчиваться нередко пытка расстрел застенок нквд 
24806	 рассказывать что киев реабилитированный командир красный армия встречать улица следователь который подвергать пытка подследственный тут застреливать 
24806	 она арестовывать уже после гибель муж застенок нквд подвергать пытка чтобы добиваться признание виновность муж 
24806	 терминология международный амнистия эмнести интернейшнл международный организация выступать освобождение политзаключенный все мир против пытка смертный казнь участник самолетный 
24806	 уже первый страница гневный скорбный иронически саркастический повествование вставать мрачный мир серый лагерь окружать колючий проволока заливать беспощадный электрический свет следовательский кабинет камера пытка столыпинский вагон ледяной смертный забой 
24806	 борьба фальшивомонетчик как глава монетный двор прибегать суровый мера даже участвовать допрос пытка 
24806	 перенести пытка любой страдание давать благодать 
24806	 рано римский закон предписывать хватать христианин заставлять они отрекаться вера если они отрекаться применять пытка тот кто оставаться верный 
24806	 пытка что другой давать много 
24806	 пытка боль время рожание ребенок 
24806	 пытка когда ребенок твой глаз 
24806	 скупо рассказывать махмуд убийство бакинский застенок сопровождать дознание избиение пытка 
24806	 ворох горе унижение долгий год издевательство жестокость пытка убийство 
24806	 почему оно оставаться глухо стон жалоба остров пытка слезать 
24806	 если спрашивать наивность поторопиться рассказывать что задерживать незаконно предъявлять доказательство вина подвергать смахивать пытка многочасовой допрос вымогать признание 
24806	 быть этот протокол целиком подложный или следователь удаваться угроза пытка добиваться такой показание приходиться 
24806	 стремиться они захватить пленный под пытка выведывать несчастный далеко 
24806	 они ограбить тамошний успенский собор схватывать соборный ключарь патрикей пытать требовать указывать где спрятать сокровище тот молчать под пытка умирать даниил его брат 
24806	 ведь даже при самый строгий закрытый военный суд неизбежно вскрываться факт пытка избиение 
24806	 никто сообщать судьба тот кто умирать пытка следственный кабинет тюремный 
24806	 она приходить сейчас иногда мочь себя представлять такой пытка 
24806	 вообще лев давно видеть словом приготавливаться допрос пытка даже 
24806	 словом приготавливаться допрос пытка даже 
24806	 приготавливаться получать привычный порция пытка восходить крыльцо 
24806	 никто называть даже под пытка 
24806	 как жестоко пытать как жестоко издеваться орудие пытка шипцы крюк колодка петля 
24806	 смысл главный басмач обнаруживать проникать банда красный разведчик срывать фальшивый усы допрашивать под пытка чтоб тот выдавать свой 
24806	 тогда начало пытка казнь смерть предшествовать десятилетие 
24806	 устройство компьютер как уже быть сказать ничто совершенно смыслить поэтому никакой связанный они тайна выдавать мочь даже под пытка 
24806	 юный террорист мой глаз выдерживать ужасный пытка 
24806	 подвергаться такой пытка другой узник совесть 
24806	 расстрел смерть пытка как быть трезвый 
24806	 под пытка признаваться нина юльевна что 
24806	 время становление характер герой время его заблуждение как суметь они герой его товарищ пронести живой душа через пытка одиночный заключение крепость 
24806	 душ слабый нитка она подставлять под этот струйка темя готовый любой пытка 
24806	 читатель приготавливаться сцена обыск пытка ужас должный увы срочно 
24806	 тут взять рука бумажка который его бисерный почерк быть перечислять весь мой пытка 
24806	 вера фабиановна переносить пытка гордый безразличие индейский воин 
24806	 заря враг увидеть они обманывать что заводить они сусанин глухой чаща верный гибель его ждать лютый пытка смерть сусанин вспоминать свой 
24806	 они обстреливать мин гранат крестьянский дом калечить убивать женщина ребенок ранчо гранд устраивать резня пытка издевательство сан франсиско 
24806	 массовый террор против население ставка страх пытка расстрел старик женщина ребенок 
24806	 корчиться словно под пытка ибо менее позорный мука 
24806	 тут быть пытка мучение издевательство над мертвый 
24806	 такой пытка аким уже мочь стерпеть 
24806	 вчера телевизия страшный рассказ американский пленник пытка вьетнам 
24806	 вскоре после двенадцать слава бог пытка этот кончаться 
24806	 попытаться можно как говориться попытка пытка запрашивать пост гаи трасса 
24806	 имя дракон прикрывать застонать выдерживать этот пытка если быть здесь кто-нибудь 
24806	 четыре день терпеть этот пытка кое-как написать глава потом все 
24806	 принимать она как весть как пытка 
24806	 ион овсеич язык вертеться слово народный поговорка что услужливый дурак опасно враг приходиться молчать иначе этот пытка мочь продлиться бесконечность 
24806	 лагерь весь узник совесть подвергаться жестокий обращение произвольный заключение карцер пытка холод голод произвольный лишаться 
24806	 необходимый всемерный поддержка требование амнистия весь узник совесть весь тот кто выступать гласность справедливость применять насилие отмена смертный казнь безусловный запрещение пытка запрещение использование психиатрия политический 
24806	 однажды объявлять что положение становиться безнадежный что единственный что оставаться этот массовый самоубийство слава социализм что наемник подвергать все страшный пытка перед смерть если джонстаунец доставаться 
24806	 пытка начинаться сразу после как 
24806	 очень высоко ценить деятельность эмнисть интернейшнл она борьба освобождение узник совесть против пытка смертный казнь деятельность международный 
24806	 никто его коллега купить рынок глиняный кот разве что под пытка бесформенный серый кот розовый 
24806	 говорить пытка выдерживать вот оно 
24806	 устаивать вчера перед аппетитный свиной голяшка горохов пюре хрен перетирать свекла хотя желудок плотоядный бурлить сок давиться поесть творог овощ сегодня чертов баба страшно придумывать пытка 
24806	 христиан уже швырять растерзание дикий зверь нет аутодафе публичный казнь пытка огонь железо 
24806	 только отменять пытка продажа должность 
24806	 отменять пытка избиение подследственный продолжаться 
24806	 время съемка эпизод пытка патрикей приходиться помучиться 
24806	 когда снимать сцена пытка актер играть татарин подносить 
24806	 ехать забинтовывать надеяться что сосед купе принимать герой резистанс который немец подвергать пытка что если они думать 
24806	 вот если каштан ругать она опоздание таня находиться что отвечать или замолчать упрямо глядеть пол под пытка она слово добиваться 
24806	 все весь она переживать весь вынести измена муж смерть взрослый сын немилость старший брат позор стыд незаконнорожденный ребенок вот видеть свой заулок борька нет нет этот пытка быть свыше сила 
24806	 опять сходить опять пытка живой 
24806	 перенести такой пытка чтобы она погибать становиться 
24806	 они считать что пытка тюрьма лагерь убийство преступление 
24806	 бредовой сон ночной мысль рассказ другой рисоваться последний обиталище где главный пытка быть что вокруг чужой старость никто 
24806	 зато вот лист переписывать документ тяжелый время шесть год назад галя умирать сам чуть умирать пытка горе только архив 
24806	 преобладать боль они себя что чей-то дьявольский воля обрекать пытка более страшный чем голод 
24806	 еще раз приходиться наблюдать беличий как мочь корчить человек мука угрызение совесть как сравнительно этот пытка ничто стоить тюрьма 
24806	 стоять как идиот шелохнуться иначе как пробка перевертывать вверх нога пытка пейзаж пустыня гора 
24806	 событие этот неделя обрушивать столько все что вместо истинный отдых получаться нешуточный пытка 
24806	 после этот история еще много убеждаться ибо разлука она быть пытка 
24806	 лишь при рождение михаил отец освобождать этот несчастный столь смешной пытка 
24806	 весь верующий стоять перед угроза пытка смерть мученичество 
24806	 разве демократический франция уже потерпеть поражение индокитай долго вести еще кровопролитный война алжир время который весь алжир быть покрывать концлагерь пытка истязание становиться обычный явление 
24806	 исследовательский установка ансуорт позволять растягивать палец усилие напоминать орудие пытка время инквизиция 
24806	 стоить лишь воображать страдание самсонов перед чистый лист бумага его пытка неуловимый слово как никитин испытывать 
24806	 еще час назад когда они везти машина готовиться что угодно тюрьма пытка смерть тут 
24806	 жизнь существо становиться сплошной пытка никакой суд мочь 
24806	 допрос под пытка несколько раз терять сознание 
24806	 мало думать что ночь мочь снова вызывать допрос подвергать пытка 
24806	 лефортово сухановка более строгий метод следствие чем лубянка бутырка часто применяться побои пытка 
24806	 кто находиться сердце настолько любить настолько верный непоколебимый любовь как быть робкий иосиф потаенный ученик никодим тихий жена мироносица предатель петр юный иоанн кто находиться такой сердце тот устаивать против пытка против страх против угроза оставаться 
24806	 если пытка быть адвокат мочь отклонять 
24806	 потом после пытка когда тямин становиться ненужный 
24806	 тот время когда подвал его ведомство идти пытка казнь концентрационный лагерь 
24806	 как писать недавно один друг солженицын именно удаваться хорошо другой высказывать что сказать миллион умолкать казнить убитый замучивать пытка каторжный труд что говорить 
24806	 изучение немецкий архипелаг гулаг входить задача солженицын хотя говорить ряд случай пытка гестапо бесчеловечный 
24806	 солженицын право нисколько отступать истина когда писать что сталин начинать массовый репрессия миллионный депортация пытка фальсифицировать процесс задолго 
24806	 несмотря тяжкий избиение пытка белогвардейский свора так 
24806	 после пытка избиение она писать 
24806	 они многое открывать глаз рассказывать свой арест применять при допрос пытка судьба десяток общий знакомый 
24806	 что сейчас воспоминание зачем этот пытка если ничего изменять нельзя 
24806	 потом решать что весь этот пытка происходить неподвижность оттого что 
24806	 мочь дождаться пока кончаться этот пытка 
24806	 пытка приобретать международный характер заявлять частный 
24806	 тель-авив зверство как политик пытка под сень нато 
24806	 облава казнь пытка голицын крайность раскалять общественный 
24806	 мочь показывать документ чудовищный пытка применять анненков 
24806	 анненков пытаться восстанавливать монархия помощь террор изощренность пытка надругательство над человеческий тело превосходить 
24806	 жертва колчаковский полевой контроль лежать штабель вдоль стена след жестокий пытка быть они 
24806	 уже конец роман клитофонт ложный обвинение приговаривать смертный казнь перед смерть должный подвергать пытка 
24806	 конец роман снова упоминаться этот война так как случай окончание совершаться тот религиозный процессия честь артемида который приостанавливать пытка казнь клитофонт 
24806	 несмотря пытка отвлеченный теория мочь как 
24806	 однако графа документальность отсутствие важный документ почему адвокат защитник потребовать медицинский освидетельствование подзащитный след пытка 
24806	 матиас грюневальд изображать христос изенгеймский алтарь все ужас смерть след пытка бичевание зеленоватый кожа 
24806	 один тот татарин извозчик выдерживать все пытка золото нет 
24806	 такой простой здесь связь раз надо обвинять что становиться значит неизбежный угроза насилие пытка чем фантастичный обвинение 
24806	 вот почему странно сейчас воспоминание бывший зек иногда прочитывать что пытка быть разрешать весна 
24806	 неужели можно поверять что порхать мотылек рэмзя кларк перед все министр юстиция просто понятие иметь просто догадываться мочь что военнопленный который подавать бумага нужный политический цель кларка перед подвергать пытка 
24806	 так теперь слышать рассказ про трепов про как надзиратель готовиться порка боголюбов нарочно глаз арестант складывать посредине двор пучок розга жест показывать как быть пороть ощущать тот самый пытка ненависть бессилие 
24806	 другой время андрей непременно зайти посмотреть орудие пытка меч употреблять при казнь 
24806	 мысль возможный пытка андрей свыкаться давно 
24806	 ведь словечко сказать правда под пытка сказать они 
24806	 тело весь еще болеть после пытка тайный приказ 
24806	 второй показ длительный пытка парк наказание 
24806	 ван идти покорно что спрашивать андрей приходить голова что вот так безмолвно безропотный идти расстрел пытка любой унижение 
24806	 самый дело она трудно быть поверять если начинать рассказывать пытка подземелье предательство 
24806	 книга этот автор япония быть страна самурай жаждать рубить крушить страна харакири пытка коварство жестокость беспрекословный повиновение 
24806	 нет главный быть мочь быть низменный самоистязательный тяга полюбопытствовать вмазываться этот пытка ведь давно уже догадываться что 
24806	 самый главное чуть только выходить берег должный быть обязанный перепоручать забота старуха сам мчаться домой чтобы единый минута длить пытка переживать мать 
24806	 сомнение одолевать старик идти как пытка все идти 
24806	 слышать про женщина котораягероически выдерживать весь пытка давать показание против 
24806	 при этот слово прежде все приходить картина адский пытка уготовать грешник загробный жизнь 
24806	 вопрос вообще много чем мочь быть ответ пытка неуют сказать переводчица старый 
24806	 старый кошка вонзать коготь мой тело пытаться забираться колено пытка неуют 
24806	 отказ уют безразличие уют после пытка 
24806	 она совмещаться девичий чистота открытость привычка буржуазный благополучие который после разорение становиться пытка 
24806	 выдерживать пытка только провожать она 
24806	 начинать пространный путаный говорить несправедливость массовый казнь пытка глупый сановник ничтожество три член 
24806	 план быть простой арестовывать фай родис вир норин пытка заставлять они сказать все что 
24806	 вместо декорация только задник зеленовато-голубой который проступать зависимость содержание сцена колесо пытка рука кот держать роза 
24806	 фальшивый письмо донос показание вырывать под пытка слуга все быть пускать 
24806	 мочь быть лишь естественный страх перед пытка смерть 
24806	 этот штатский мочь быть чтобы намекать пытка 
24806	 потом однажды попадаться лапа контрразведка выживать только чудо изуродовать пытка быть вытаскивать сосед камера 
24806	 все остальной писатель переживать мочь голод пытка гибель близкий тюрьма непризнанность клевета 
24806	 потому что истинный писатель мочь переживать только молчание только зажимать железо губа все остальное переживать мочь нарушать молчание принимать голод пытка гибель близкий тюрьма непризнанность клевета 
24806	 роман связанный россия самовластие русский история который помнить татарский иго иван грозный смутный время крепостной право окровавленный восстание бунт мятеж плеть пытка тюрьма казнь 
24806	 вместо грозный гром бой вместо предрешать суд вместо пытка казнь убийство из-за угол 
24806	 грек молчать наутро квартет состав ассумпсио его жена два полицейский погружаться автомобиль туда бросать жертва передвижной камера пытка двинуться трехтысячемильный путь оставаться 
24806	 так удаваться скрывать самый важный неизвестный противник сведение который иной случай несомненно вытягивать длительный пытка 
24806	 когда они поймать они даже под самый страшный пытка выдавать немецкий рабочий 
24806	 прийти себя после избиение пытка пассажир подопечный папка становиться яростно 
24806	 открывать методика поиск выявлять тот кто следовать выявлять узнавать имя заключенный доблестный проходить через весь пытка встречать смерть достоинство 
24806	 среди администрация лагерь часто встречаться зверь человечий личина изобретательно неустанно придумывать изощрять пытка они считать увлекающийся полезный 
24806	 как быть наивный когда самонадеянный утверждать что копание грязный сумерки подполье искалечивать душа бессмысленный сладостный пытка ничто более 
24806	 никогда думать что пытка бессонница самый страшный 
24806	 под пытка признаваться что покушение 
24806	 потом когда пытка становиться невыносимый эслер сказать что 
24806	 этот хотеть либо перевоспитывать либо истаптывать перед как вздергивать виселица конечно выдерживать пытка тогда первый раз 
24806	 сказать что шофер вероятно сламывать после пытка подвал больше 
24806	 под аккомпанемент этот дискантовый звук обрушиваться как заключительный аккорд двухлетний пытка короткий фраза 
24806	 кругом только говорить кампания избиение пытка 
24806	 крайний мера клара побывать гестапо уверять что орудие пытка безусловно вывозить гитлеровский германия 
24806	 мысленно видеть как шататься выходить камера пытка окровавленный истерзать жертва 
24806	 плохой все что пытка бессонница время следствие нарушать 
24806	 они никогда поверять что можно вынести подобный пытка течение восъми девять час 
24806	 она говорить что больше мочь вынести этот пытка 
24806	 посмотреть попытка пытка мышкин медлить явно что-то напряженно 
24806	 неуважение интеллигенция это нынче неуважение память тысяча тысяча человек который мужественно вести себя допрос под пытка оставаться честный лагерь 
24806	 наш предок итожить приват-доцент чуждый быть вычурный фантазия средневековый инквизитор пытка время московский царь отличаться 
24806	 где-то читать мочь быть слышать изощренный восточный пытка 
24806	 орган высокий правосудие официальный государственный инстанция где еще жить обитать дух рыцарь октябрь железный феликс мочь мочь никак мочь превращаться суд пытка 
24806	 этот мысль приходить первый раз голова когда прочитывать речь обвинитель один московский процесс разговор пытка сказать тогда вышинский великолепный 
24806	 ведь немец что-то заподозривать мочь она подвергать пытка который развязывать язык кто угодно 
24806	 этот женщина ради конфетный начинка посылать смерть свой сын спокойно смотреть висеть забор теперь хотеть избавлять свой дочь пытка признаваться кто она приказывать убивать 
24806	 редкий обстоятельность год год рассказывать этот жуткий книга пытка казнь религиозный гонение 
24806	 попытка пытка потапов обещать давать сегодня рабочий 
24806	 изнемогать мучение под страшный пытка палач акт позорный отречение 
24806	 преклонение великий послушание проходить его жизнь страх перед голод пытка сибирский каторга 
24806	 завтра государство признавать что пытка подвергать бухарин 
24806	 тут лагерный человек хранить любовь жена мать лагерный невеста заочница который никогда видеть никогда увидеть свой заочно выбирать лагерный жених быть готовый любой пытка ради верность обездоливать лагерный избранник 
24806	 мучительный пытка длиться сутки неделя месяц 
24806	 вот прочитывать советский народ один один вести борьба германский фашизм возрождать средневековый процесс ведьма еврейский погром костер инквизиция застенок пытка 
24806	 заставлять честный добрый интеллигентный человек признавать себя наемный убийца заслуживать смертный казнь позорный память можно лишь пытка 
24806	 сам растягивать этот пытка часы 
24806	 еще немного пригвождать столб пытка расстреливать лук 
24806	 разговор этот трубка зуб вести компания трубочист ведьмин хвост который прополаскивать они щель труба свешиваться плечо низко сидение вместе остальной орудие пытка 
24806	 репертуар песня самый несложный никогда нельзя привыкать как мочь привыкать ребенок яков дъарманьяк что приказание генрих они выдергивать каждый день один зуб мочь несмотря однообразие этот пытка 
24806	 продолжение получас думать инквизиционный пытка торквемада 
24806	 заправский пытка вот что приводить гейне 
24806	 вместе ирония все хотеть покидать перо сводить судорога палец гейне точно язык высовывать свой мексиканский зверский пытка 
24806	 один сторона согласно правило этот мир поведение добрый герой определяться три жесткий запрет убийство пытка зомбирование или тотальный контроль 
24806	 накануне быть передача савик шустер где обсуждаться ситуация расформировывать батальон торнадо известный пытка изнасилование так далее 
24806	 когда попытаться выяснивать сдавливать щенок горло это орудие пытка дора презрительно отвечать это 
24806	 минувший неделя оформлять свой версия стопа лист совет федерация фонд династия нижегородский комитет против пытка объявлять прекращение деятельность 
24806	 вертолет разве что ничто попытка пытка 
24806	 старый добрый пытка всегда надежно чем этот правозащитный 
24806	 знать сказать работать настоящий гестаповец мастер пытка его все бояться бомж 
24806	 шуршать болоньевой курточка кончаться этот пытка или нет 
24806	 причина предательство мочь становиться только соблазн например невыносимый пытка 
24806	 история наш страна время правление сталин знать множество пример когда очень достойный человек под пытка подтверждать все что угодно 
24806	 скоро все правда хватить попытка пытка 
24806	 столб отвечать это казаться такой древний пытка вода где находиться столб 
24806	 мейн хаус муж шиффр фильм казино рояль актер мадс миккельсен цитата пытка вовсе обязывать быть изощренный 
24806	 новичок итог сорвать коготь стертый кровь морда изнутри ящик похожий комната пытка весь кровь 
24806	 год начальство подвергать настоящий пытка отправлять младший школа 
24806	 суббота быть москва другой мероприятие серия одиночный пикет мирный прогулка против пытка похищение 
24806	 отставка уходить еще сентябрь после публикация видео тюремный пытка 
24806	 когда начинаться техно показываться что голова мой прилаживать насос воздух качать туда тоже тот еще быть пытка между прочее оттуда 
24806	 итальянский гиперреалистический хоррор тип каннибал городской легенда снаффа видеозапись реальный убийство пытка или изнасилование садомазохистский комикс хидеш 
24806	 роль солдат манчжоу блеск исполнять советский гражданин китаец поднатореть год гражданский война пытка убийство 
24806	 неужели это весь пытка позади можно наконец просто 
24806	 проходить невероятный год мучение пытка сидение холодный низкий 
24806	 наш уровень агрессия уже уменьшать беспорядок увеличивать они хоть пытка полиция хоть ненависть 
24806	 где-то здесь коломенское располагаться по-видимому библиотека тиран либерия как она называть изувер прочь быть почитать досуг хотя любимый развлечение царь батюшка оставаться все-таки пытка 
24806	 история герострат древнегреческий город эфес малый азия территория современный турция яркий пример тщетность административный запрет герострат сжигать храм артемида один семь чудо свет древний мир сжигать умышленно знать что обрекать этот преступление только подвергаться лютый казнь изощренный пытка сжигать чтобы его имя обретать 
24806	 поза уставать пытка палач густой рыжий борода курчавиться 
24806	 так бывать под пытка весь врать человек перед 
24806	 любой страна европа подвергать китайский пытка теснота бессонница засовывать восемь 
24806	 парк трамвай убогий зрелище дышать из-за выхлоп пытка долгоозерный возле 
24806	 широко известный зверский нрав опричный монастырь александрова слобода где многочасовой церковный служба перемежаться столь длительный пытка разгульный пир 
24806	 почему рассматривать его личный качество который послужить почва для реализация такой исторически зафиксировать факт как любовь наблюдение казнь пытка личный 
24806	 княгинин алексей вот это багаев бессовестный выдергивать цитата этот животное который подвергать пытка жестокий обращение каждый пленный 
24806	 дмитрий крут сообщать пытка отдел полиция нижний 
24806	 так они оставаться свобода продолжать свой пытка весь острота политический значение 
24806	 министр здравоохранение эквадор карина ванс начинать война закрытый клиника где заниматься лечение гомосексуализм помощь пытка 
24806	 если доносить если брат доносить они просто закинуть багажник избивать использовать такой пытка 
24806	 сходить берег юноша среди небогатый пожитки вынести чертеж свой изобретение попытка пытка честолюбивый сэм останавливаться 
24806	 много десять год нижегородский комитет против пытка стараться снижать уровень милицейский насилие 
24806	 чеченский республика статистика прекрасный один милиционер пытка привлекать 
24806	 случайно бурный рост психологический служба начинаться время чеченский кампания почему наш общество мириться пытка если сейчас кто-то быть стрелять 
24806	 несколько год назад быть очень остроумный исследование левада центр про пытка 
24806	 юридически пытка отменять еще екатерина 
24806	 никто это даже стесняться палач регулярно снимать пытка видео они кочевать 
24806	 большой счет это просто болезнь помогать пытка решать проблема терроризм 
24806	 это первый процесс пытка северный кавказ важный прецедент 
24806	 алексей яковлев жена точно пытка 
24806	 читигов действительно быть нарушение пытка фальсификация улика 
24806	 последний этап процесс сводиться попытка добиваться бруно отречение они использовать весь средство включая прение богослов пытка 
24806	 смерть пытка труп еще быть дергаться 
24806	 если житель хотеть уходить они сжигать вместе скит расколоучитель рвать пытка поле вытаптывать 
24806	 когда попытаться выяснивать сдавливать щенок горло это орудие пытка дора презрительно отвечать это 
24806	 тиара сикст стоять сторона левый угол холст орудие пытка варвара один атрибут 
24806	 боткинский хорошо лечить туда приезжать инвалидный коляска перед это четыре месяц пласт пролеживать больница назрань грозный после пять день нечеловеческий пытка 
24806	 только через шесть месяц ходатайство следователь который вести дело пытка сделать судмедэкспертиза 
24806	 врач снимок посмотреть мозг позвоночник сразу поставлять диагноз электротравма пытка короткий подтверждать 
24806	 веточка оживать пытка приплясывать извиваться вертикально вытягиваться закрывать 
24806	 так что совсем понятный сарказм попытка пытка стараться 
24806	 настя человек выходить после такой пытка здоровый план здоровье 
24806	 муж дорога туда хан указывать выдерживать пытка гришка кутерьма человек войско 
24806	 девица заведение часто меняться что также привлекать клиент пытка телесный офицер купец вал 
24806	 когда она подвергать телесный пытка анна раскалываться становиться давать 
24806	 опять они поле выгонять долбать вот этот ямка опять проклинать все хотеться заканчиваться быть становиться только этот ветер мертвый земля лютый белый полыхнуть нет нет останавливаться глаз смертный стужа радость пробуждение этот жизнь пытка 
24806	 мотя быть более гуманный пытка 
24806	 тот время никакой оружие массовый поражение там так находить появляться множество сообщение фактически узаконивать пытка десяток тысяча раненый 
24806	 год феодосия морозова сестра княгиня евдокия урусов после пытка дыба бросать земляной 
24806	 пытка прекращаться неожиданно кто-то потянуть 
24806	 глебов прикрывать свой единомышленник спасать жизнь евдокия даже под страшный пытка что виниться 
24806	 ничто железо жгет пытка пытать 
24806	 глянуть без пытка едва нога держаться 
24806	 камера пытка содрогаться душераздирающий звериный вопль 
24806	 одиночество когда кто поделиться наболевший сродни изощренный средневековый пытка особенно если вынимать душа проклятый 
24806	 стоять отвертываться стена словно поставлять угол себя жертвовать пытка претерпевать значит плохо пытать желчно 
24806	 пытка они входить служебный обязанность 
24806	 когда через пятнадцать год арестовывать обвинение шпионаж троцкизм невысокий ссутулиться скупиться экий дылда седой профессорский бородка строгий человек становиться староста камера выдерживать все пытка быть защищаться научно избегать оговор 
24806	 потом заговаривать пытка щекотка мелкий насекомое который 
24806	 панический атака продолжаться всего несколько минута этот время человек переживать такой ужас что некоторый несчастный умудряться прыгнуть под поезд или двухсотый этаж лишь прекращать пытка 
24806	 как христианка она подвергать жестокий пытка обезглавливать 
24806	 двое кордовер такой марран что интересный брат близнец фигурировать список инквизиция сжигать оба после следствие страшный пытка тысяча семьсот если 
24806	 мучитель сон обрушиваться весь свой невыразимый тягучий пытка 
24806	 распрос пытка огонь кричать трава зверобой 
24806	 это его злоключение кончаться устраивать пытка 
24806	 следователь счесть что калдай имеетец помешателство прекращать пытка 
24806	 впрочем еще раз должный быть подтверждать свой донос под пытка 
24806	 центральный оживленный площадь гаага баутенхоф находиться мрачный древний каземат век куда пытка свозить преступник весь королевство 
24806	 дорога вести замок сей день носить название дорога заостренный кол музей пытка мдин 
24806	 отображать реальный исторический событие например пожар лондон год или камера инструмент средневековый пытка 
24806	 берия отменять пытка при допрос ликвидировать специальный помещение 
24806	 сей пора спорный момент показывать орудие пытка или применять 
24806	 ребята оказываться курд диярбакыр учиться тут универ девушка работать психолог организация помогать жертва пытка 
24806	 быть заключать пятьдесят различный тюрьма семь раз подвергать самый жестокий пытка писать впоследствии кампанелла 
24806	 проходить через чудовищный пытка разочаровываться свой сторонник кампанелла 
24806	 сей пора доподлинно неизвестно вестись допрос пристрастие быть применение пытка или нет 
24806	 немногие суметь бежать быть предавать огонь изображение один иудействовать монахиня усугублять свой преступление что время пытка эскалер посметь умирать притаскивать 
24806	 весь четверо совсем мальчишка проходить страдание пытка неволя 
24806	 секундный стрелка бесстрастие исполнитель китайский пытка тупо год долбить мой темя 
24806	 кто-то кончать себя ужас перед сказочный пытка госбезопасность как лев шнирельман 
24806	 разбор вещь нина становиться для она страшный пытка 
24806	 быдло знать пытка они просто запытать бить слабый 
24806	 быть палач садист начинать шить невинный подросток дело ребячий игра война сильно мучить допрос давать спать про пытка ничто нет ссылать год 
24806	 вано микоян про нина сказать жизнь без она быть пытка 
24806	 дюкова доставлять скопин при розыск пытка заявлять той жонка 
24806	 последний доступный известие датировать август год это запись журнал тайный контора что оный дюков следуетец розыск быть ждать еще два пытка 
24806	 вот реалити-шоу где большой деньги можно купить реально снимать убийство или реально снимать пытка ведь дело вкус 
24806	 опять говорить чтобы нечто католичный усматриваться ересь вправду свой дух отравлять что конечно весьма похвально нынешний безумный время просто как раз этот всуе поминать инквизитор быть дивный привычка бороть чужой заблуждение любовь милостивый снисхождение заблудший душа вполне ощутимый огонек квалифицированный пытка подобный изобретение лукавый 
24806	 чем там идти речь перед этот пытка 
24806	 главный герой фильм алекс только проходить через пытка кинематографический образ бетховенский ода 
24806	 примечательно что недавний фильм роберт ниро ложный искушение посвящать первый год существование цру история носенко заканчиваться трагически выдерживать пытка выбрасываться окно 
24806	 вообще-то ксива исходить мент большой доверие вызывать или сам состряпать или человек написать под пытка чтобы вырываться 
24806	 наш читатель колесов оклеветать себя под чудовищный пытка 
24806	 читальня погибать оставаться наедине свой истинный нутро это нутро желать умирать бой пытка заранее соглашаться весь условие 
24806	 настолько расходиться наш жизнь что сознавать это становиться пытка 
24806	 некий стрелецкий женка ненила под пытка выдавать остров 
24806	 авраамий под пытка отступаться свой вера 
24806	 впрочем если схватывать разбойник человек желать говорить где прятать деньги плотник брезговать пытка огонь жечь даже старуха 
24806	 разбойник екатеринбург подвергать пытка наказание кнут затем еще 
24806	 вполне определенный семантический нагрузка нести этот план такой выразительный деталь как посох или жезл царь баллада толстой василий шибанов князь михайло репнина царский жезл символ власть превращаться орудие пытка убийство 
24806	 лейла наморщивать нос неужели кто-то покупать пытка джош цокнуть язык 
24806	 некоторые закаляться этот пытка многократный рождаться клинок булатный 
24806	 еще четыре день спустя рассматривать специально подготовить выписка канцелярия принимать решение подвергать попцова пытка 
24806	 менее заподозривать нестеров недостаточный искренность пашков ноябрь вновь распоряжаться подвергать его пытка 
24806	 что стоить знаменитый пытка грабли лопата 
24806	 сентябрь уходить немец глава гордон сентябрь троица привозить шакловитый который сразу подвергать пытка 
24806	 окончательно свой вина тимофей признавать март застенок пытка подъем 
24806	 это повторять март привод застенок когда быть спрашиван пристрастие розыскиван что являться жестоко больной апрель второй пытка 
24806	 если опасаться пытка что данный случай 
24806	 бумага компрометировать французский правительство при оказываться под угроза пытка маттеоль признаваться что отдавать они 
24806	 бастилия окончательно отменять пытка запрещать сажать заключенный 
24806	 снова сказать владыка выдерживать пытка пуля думать смочь принимать 
24806	 весь это при помощь самый усовершенствованный модерный техника позволять выслеживать поймать уничтожать если надо пытка вырывать нужный признание 
24806	 тут еще ислам связь аравия старинный традиция кровный месть рабство пытка каждый страница сцена 
24806	 недаром америка предупреждать что надо якшаться коммунист даже если они сейчас носить крест заходить церковь или банк часто чем камера пытка или трибуна 
24806	 страшный жажда быть помнить вероятно весь жизнь хотя самый это чудовищный пытка 
24806	 условие зима это правило становиться чуть пытка выпивать хотеться уже девять 
24806	 теперь спустя ряд год мой уже ребенок говорить что пытка стенограмма оказываться полезный приучать вслушиваться 
24806	 нельзя исключать вероятность что весь этот двадцать восемь день быть череда издевательство пытка избиение 
24806	 втроем или даже вчетвером старательный вершить таинство пытка вырывать ноготь 
24806	 давать понимать что конфиденциальность быть сохранять под самый страшный пытка 
24806	 можно быть врассыпную кто поручаться что даже один поймать партизан под пытка выдавать товарищ 
24806	 можно быть врассыпную кто поручаться что даже один поймать партизан под пытка выдавать товарищ 
24806	 шприц туалет там пока исчезать так что попытка пытка мочь очень 
24806	 все равный попробовать попытка пытка весь что-то интересный 
24806	 любимый час пытка принимать мешок вагон 
24806	 тихий семейный вечер володька вера телевизор превращаться пытка 
24806	 уже много знать ужасный преступление арест безвинный пытка голод насилие 
24806	 такой дело делаться без огласка попытка пытка взаимообразный все что 
24806	 правда обездвиживать мяч пока успешно уходить однако попытка пытка 
24806	 знать отсылать сталин скорбный рассказ зверский пытка что идти январь 
24806	 глаз ничто видеть сказываться пытка электрический свет год 
24806	 знать что пытка запрещать гаагский конференция 
24806	 это напоминать китайский пытка когда голова осужденный 
24806	 новый конституция раб допрашивать исключительно под пытка 
24806	 быть говорить применимый настоящий пытка сказать верховный жрец 
24806	 беренгария появляться из-за шкаф делать умильный вид промолвить так под пытка пифка из-за человек 
24806	 однако наблюдение сам иоанн вейер скальпель проводить полосной хирургический операция справляться подобный наваждение куда хорошо всякий род упражнение пытка предлагаться изгонять диавол экзорцист 
24806	 генеральный секретарь совет европа например предлагать выделять проект бюджет год комитет против пытка столько средство сколько 
24806	 тогда приказывать умерщвлять митридат корытный пытка 
24806	 даром что бог скандинавский пытка придумывать китайский связывать локи 
24806	 перемещение акшма большой расстояние становиться просто пытка 
24806	 попытка пытка попробовать вдруг ваш 
24806	 если нет придтись проходить через этот пытка грязь 
24806	 андрей впиха смирнов понимать пытка любить молоденький хохлушка 
24806	 недавний исследование подтверждать факт вербовка наемник бельгия франция южный африка который воевать сторона оппозиционный сила катанга возглавлять моис чомб также причастность бельгийский наемник пытка последующий убийство первый премьер-министр 
24806	 этот путь быть только удачный дело ценный добывать сведение провал арест пытка расстрел 
24806	 нет это путин павловский хотеть гражданский общество построить чтобы этот фон следующий путинский президентский кампания пропиаривать крутой правозащитник они весь затея сорвать запускать программа переговоры война чечня пытка ментовка туберкулез 
24806	 если партия спрашивать сам себя главный герой роман мочь запускать рука прошлое утверждать что или иной событие никогда происходить это наверное страшный пытка или смерть 
24806	 сегодня когда цель почти достигать они ждать самый страшный пытка неизвестность 
24806	 ниндзя думать честь расправляться враг один доблесть быть ведомо никогда выдавать где жить его семья его клан чтобы сказать это под пытка закалывать себя удар кинжал или 
24806	 продолжать становиться под пытка татьяна 
24806	 становиться под пытка татьяна как героиня поэма свой 
24806	 многий век быть перепробовать весь возможный средство воздействие включая пытка одиночный заключение каторга квалифицированный вид 
24806	 это объясняться незащищенность население перед лицо преступность иной незаконный посягательство неэффективность деятельность орган милиция защита гражданин законный интерес коррумпированность милиция наряду тотальный коррумпированность весь властный структура правоохранительный орган противоправный действие сотрудник милиция отношение гражданин вплоть пытка 
24806	 россия побои обыденный явление нередко применение пытка 
24806	 пытка систематизировать описывать слоник растяжка 
24806	 повод для применение пытка часто все служить выбивание признание 
24806	 общественный центр содействие реформа уголовный правосудие пытка россия этот придумывать 
24806	 что неудивительный собирать российский правозащитник сведение говорить что наш милиция повсеместный практиковаться пытка 
24806	 они рассказывать незаконный арест уголовный дело избиение пытка коррупция который погрязать 
24806	 заявление подсудимый применение они ход дознание следствие пытка или недозволенный закон метод нередко 
24806	 иногда присутствовать очень хотеться иногда очень приятно постоянно присутствовать это пытка 
24806	 если пирожок быть отпираться твердить свой местный происхождение применять пытка засушивание батарея замачивание 
24806	 чарли уговаривать дядька партизанский собака такой пытка терпеть 
24806	 говориться избиение пытка невиновный человек фальсификация показание 
24806	 событие сентябрь год приводить разрешение применение пытка при допрос подозреваемый терроризм 
24806	 юрченко его слово добавлять этот кулинарный пытка еще один садистский трюк заставлять 
24806	 саратов обнаруживать пытка раб александр крут 
24806	 пресс-конференция зайти также речь пытка применять подследственный 
24806	 обращение связь пытка прокуратура традиционно заканчиваться ответ 
24806	 свой сторона саратовский омбудсмен предлагать собственный система борьба пытка 
24806	 так год год лишение свобода быть приговаривать бывший заместитель начальник краснодонский полиция подтынный который участвовать пытка молодогвардеец 
24806	 например один они состоять что при присяжный запрещать говорить пытка при выбивание показание 
24806	 еще недавно условие содержание большинство следственный изолятор данный центр содействие реформа уголовный правосудие приравниваться пытка уже осень прошлый год 
24806	 уже терпеть когда целый ночь извиваться больничный кушетка искать поза который помогать переносить пытка родовой схватка обретать молитвенный 
24806	 может красин решать что влиятельный финагент горький удаваться мирный путь выбивать капиталист большой деньги попытка пытка свидетельство домашний между савва 
24806	 согласно судебник год царь великий князь иван грозный даже поймать поличное вор можно быть преследовать только обвинительный форма собственно именно обвинительный процесс называться русь суд несмотря что злодей посягать частный интерес также порядок розыск как лихой человек применение пытка независимо позиция истец 
24806	 суд обращать внимание также пытка принимать как доказательство виновность подсудимый 
24806	 пытка узаконивать высокий государственный якобы общественный 
24806	 разумеется отнюдь год отечественный правоохранительный орган пополнять свой арсенал инквизиторский метод идти стопа специалист преображенский приказ пытка применяться красный первый день 
24806	 включение оперативно розыскной деятельность сфера законодательный регулирование сожаление негласный оперативно розыскной деятельность продолжать вестись изолятор временный содержание следственный изолятор причем только цель предотвращение побег заключать обеспечение безопасность ивс сизо для раскрытие преступление который обвиняться подозреваться помещать под стража гражданин отсюда вытекать использование режимный правило дисциплинарный взыскание как средство пытка склонение задержанный арестованный 
24806	 следователь применять пытка шантаж свидетель 
24806	 музей пытка быть медный маска счастливый улыбаться 
24806	 они спорить принимать кара недобрый бог артистичность пытка шутовство приговор 
24806	 второй такой вопрос третий его попытка уже быть пытка 
24806	 начинать обычный избиение пытка электроток дыба кончать 
24806	 доска держаться два цепь наклонный положение это тоже один метод пытка дежурный молча вносить коридор 
24806	 что касаться израильтянин где потребность младенец много еще много препятствие трудность еврей быть вероятно сетовать обсуждать жаловаться забывать производство потомство там электричество должно отключаться часто тогда кто знать может они приобретать полезный привычка попытка пытка верно 
24806	 обвиняться они получение взятка избиение пытка много чем еще 
24806	 отпечаток палец замучивать комната пытка гестапо 
24806	 что буквально другой день после смерть сталин быть прекращать дело врач сламывать измученный нравственный физический пытка старый интеллигент отпускать свобода 
24806	 дорога колотить быть настоящий пытка несколько раз ломаться ось 
24806	 дышать пытка хотеть глотнуть много воздух 
24806	 над книга где кто-то обижать плакать навзрыд тогда отнимать книга ставить угол учиться плохо арифметика быть страшный пытка семья быть любить 
24806	 очень терзаться кашель вызывать наркоз глубоко кашлять разрезать живот непередаваемый пытка 
24806	 важный случай почти непременно государев дело политический категория впервые вводить отечественный законодательство именно уложение год прибегать пытка причем пытать только подозреваемый 
24806	 если расследование прояснять дело окончательно степень ясность определять руководитель следствие прибегать розыск это уже застенок порядок применение пытка быть регламентировать сначала допрашивать только 
24806	 запрещение пытка поставлять тупик полицейский 
24806	 определенный уровень мастерство входить состояние камень можно даже противодействовать физический психоэмоциональный пытка что первый очередь важно 
24806	 критиковать ашхабад заявление официальный представитель госдепартамент сша который быть сделать конец декабрь частность говориться иметься заслуживать доверие информация пытка жестокий обращение подозреваемый 
24806	 главный доказательство считаться собственный признание получать нередко путем если физический нравственный пытка 
24806	 система доказательство применять гражданский дело порядок суд включать себя как доказательство типичный для состязательный процесс признание сторона показание свидетель общий ссылка присяга письменный доказательство так свойственный следственный процесс очный ставка пытка повальный обыск 
24806	 очный ставка пытка применяться относительно редко 
24806	 находиться этот камера пытка всего лишь день 
24806	 если теперь выражать свой недовольство относительно пытка несправедливость здесь снова 
24806	 просить освобождение наш сестра несправедливо бросать камера пытка дзо 
24806	 сегодня наш первый опыт искусство словесный пытка 
24806	 следственный практика политический уголовный дело широко входить пытка повальный обыск 
28262	 каждый день превращаться для пытка 
24806	 болван дело после каждый командировка приставать пытка как там 
24806	 наступать ночь они новый пытка придумывать иголка спина 
24806	 через сутки снова оказываться камера снова новый пытка 
24806	 где когда рождаться отмучаться угасать смутный предчувствие такой исторический поколение как наш исчерпывать себя донышко фантастический социальный эксперимент катастрофа выбирать прошлый настоящий будущий человеческий пласт весь страх зловещий пытка жестокий репрессия 
24806	 даже если некогда доходить парикмахерская пытка вроде завивка раскалять щипцы 
24806	 самоубийство оправдывать только тогда когда жить далеко самый дело нельзя нельзя определение непрерывный пытка позор слабоумие 
24806	 его суета улечься восторжествовать абсолютный покорность осколец принимать любой участь ибо избавляться главный свой пытка вечный подозрение неправота 
24806	 теперь становиться быть придумывать последний утешение или последний пытка петь мол сахарок чтоб пожальша 
24806	 некоторые деталь психопат так реалистичный иметь вид сцена пытка мучение спрашивать читатель откуда 
24806	 говорить следствие пытка еще доходить как 
24806	 сказать черт взять зачем скорость зачем выигрывать сутки если три день праздник превращать два день пытка 
24806	 антикомариный стекать вместе потом лицо жечь глаз как кислота ветровка капюшон надевать голова стягивать вокруг лицо насквозь промокнуть пот даже грудь живот пока достигать какой-то гребень где комар чуть-чуть согнать ветерок казаться этот едкий пытка быть конец 
24806	 молодость коля быть видимо очень хороший себя сейчас жест широкий движение угадываться размашистый мужицкий сила только теперь когда разгорячаться вскакивать один нога хромать взгляд быть тусклый блеск который выдавать человек проходить через пытка невозможность что-либо изменять 
24806	 снова ожидание приговор неизвестность впереди знать что такой пытка надежда спрашивать ахматова один 
24806	 этот день пытка надежда анна ахматова решаться обращаться 
24806	 грешник испуганный взгляд прослеживать как один палач страшный бесцветный глаз направляться угол камера пытка сунуть раскаленный голова 
24806	 изуверский пытка быть подвергать собор александр невский 
24806	 исполнитель главный роль под пущий настрой показывать хроника собр запрещать публичный демонстрация кассета отснимать видео сам чеченец отрезать голова мольба пощада пытка под ржание брат аллах 
24806	 этот человек молчать даже под пытка всячески жалеть собственный палач 
24806	 все равный стрекотать попытка пытка один рыбак 
24806	 почти побороть теснота камера сизо который европейский эксперт расценивать как один форма пытка 
24806	 капитанский дочка писать под имя гринева изменение происходить жизнь один поколение связь что капитан миронов крепость собираться пытать башкирина бунтовщик пытка старина так быть укоренять 
24806	 наш время никто сомневаться необходимость пытка судья подсудимый 
24806	 петр гринев начало век уже считать пытка варварский обычай 
24806	 еще гильотина выставка инструмент смерть пытка 
24806	 второй брат отвечать музей среди который камера пытка 
24806	 другой добавлять громкость песня только что радовать слух вдруг превращаться некий вид пытка 
24806	 проштрафиться нередко ожидать пытка уступать тем который инквизиция 
24806	 однажды день неудавшийся долгий как испанский пытка веня несмело заговаривать брак 
24806	 когда лондон вполне еще детский время заседать борец свобода закаев один борец приходить голова идея взять подпись немцов попытка пытка 
24806	 день камера пытка снимать экран 
24806	 победитель получать награда побеждать ждать пытка иногда это скорпион который сажать 
24806	 аудитория камера пытка тоже основной молодежь 
24806	 когда террорист взрывать целый здание трудно переживать идиот нырять цистерна дохлый кальмар настоящий пытка возмутительный человек который пытать 
24806	 игорь сухой пытка память старик трифонова 
24806	 освобождаться ежедневный пытка называть общественный жизнь народ поверять 
24806	 благозвучный сладость этот фрагмент превращать неукоснительный повторение некий пытка приятный 
24806	 если пауза прорежающий повторение пытка рай становиться невыносимый 
24806	 вот именно англия при что митя оживляться мгновенно как при что весь этот английский досужий выдумка крыса пытка комната 
24806	 если выдерживать пытка признаваться весь знакомый соглашаться 
24806	 ожидание быть отдых тоже тихий пытка 
24806	 если знать про пытка про что мочь 
24806	 раз герой решаться жениться хотеть сделать себя свадебный подарок смывать позор пытка доказывать себя что мужчина 
24806	 чтобы продлять мучение мать император подвергать пытка отдавать она истерзать тело 
24806	 этот боевик причастный также пытка убийство военнослужащий федеральный сила 
24806	 если никогда переживать война одиночество тюремный заключение агония пытка или голод счастливо что 
24806	 подобный деяние согласно один проект новый статья пытка предлагаться лишать свобода срок 
24806	 шведский психиатр руди фирнхабер глава быть национальный секретариат жертва пытка статья человеческий беда 
24806	 завтрак ланч вообще быть пытка 
24806	 зато качество дополнение образование при мечеть открытый школа рукопашный бой некоторый страна ваххабитский наставник обучать владение оружие методика совершение террористический акт применение пытка 
24806	 тот время когда сша вопль защита право человек осыпать бомба любой нравиться они государство пакистан взлелеять людоедский движение талиб наркомафия садистский пытка расовый дискриминация оставаться любимец западный 
24806	 это неудивительный что выдерживать все пытка 
24806	 мучить они что упорно ничто отвечать они несмотря пытка 
24806	 этот развал колесо молодой бандит быть офис ресторан гостиница для заезжий дружок или как говорить партнер бизнес баня публичный дом камера пытка весь совмещать себя таинственный 
24806	 когда белый становиться известно колдовской дело хэт его схватывать после пытка запирать один дом 
24806	 привыкать музыкальный гармонически ритмизованный манера чтение стихотворный текст ждать что разочарование просто шок пытка звук 
24806	 даже много чем оскаливать прокапчивать век готика вовсе кажущийся карамельный что рига постный кролик старобогемский стиль экспортный кабачок оно впечатлить пражский музей средневековый пытка 
24806	 разрешать выезд сказать капитанша кгб пытка ожидание кончаться 
24806	 пока жюри представлять верхушка правление агентство совещаться зал переживать очередной пытка рэпперский речитатив 
24806	 плен если угрожать пытка или смерть немедленно выдавать все 
24806	 вовсе подвергать ваш сын пытка сказать примирительный 
24806	 теперь поездка городской общественный транспорт становиться пытка 
24806	 опускаться табурет стараться глядеть жиличка нежиличка попытаться сосредотачиваться попытка пытка попытка засчитываться 
24806	 самый муторный дело между прочее попадать свой речь свой интонация тон партнер просто пытка хоть это 
24806	 дед другой поколение где быть принимать молчать под пытка стоять часы 
24806	 обещать чисто бродвейский спецэффект посадка сцена реальный бомбардировщик также сюрприз финал который пока выдавать даже под журналистский пытка 
24806	 просто проходить полиграф пытка застенок зимбабвийский спецназ 
24806	 сначала абдич сохранять полный верность сараевский правительство быть даже где-то святой папа его приказ бихач трнополье великий кладуша кератерм маньяч быть создавать концлагерь для серб где самый скромный подсчет быть убивать пять тысяча человек десяток тысяча подвергаться пытка издевательство 
24806	 субпрефект алжир генерал масся отвечать это тотальный террор фактически легализация пытка 
24806	 значит папа несмотря весь пытка издевательство сохранять конец 
24806	 первый пятничный тренировка когда асфальт еще прикатывать превращаться настоящий пытка 
24806	 бежать посол писать объяснение завтра отправлять домой грех далеко там тюрьма следствие возможно пытка 
24806	 дело что вовик демочка часто пугать колупать рассказ пытка 
24806	 естественно дом рано быть всякий разный клад серебряный золотой монета который правда уже все давно находить находить также скелет замуровывать стена подвал еще революция человек поскольку сам купец быть маньяк собственно начинаться этот печальный традиция пытка этот дом 
24806	 некоторый кукла торчать булавка другой быть подрезать нос ухо словно марионетка побывать игрушечный камера пытка где они жечь игрушечный паяльный 
24806	 утомляться пытка тяжело дышать яростно сверкать фиолетовый 
24806	 связь это хотеть также предупреждать что вследствие заблаговременно вводить ваш кровь вещество один этап пытка сколь быть сильный 
24806	 прекрасно знать что обреченный страшный пытка смерть так 
24806	 вериться что пытка мочь сламывать человек такой сорт 
24806	 несчастный насекомое отвечать пытка серия вспышка весь цвет спектр 
24806	 тим выдерживать пытка достойно миллионер быть формальный 
24806	 они учитывать отчасти китайский школа разведка она этот разведка единственный мир иметь академический учебник академический учитывать еще раз теория практика пытка 
24806	 елейный пролепетать чувствовать что больше вынести этот пытка подсказывать может быть 
24806	 если заложник делать деньги слава заслуживать пытка 
24806	 доверие при ельцин упасть вновь заговаривать пытка среди находиться сизо больший 
24806	 попытка становиться пытка как раз наоборот мужчина 
24806	 мочь быть чей-то подслушивать разговор чей-то слово вырываться минута раздражение даже чей-то шутка главный доказательство вина считаться собственный признание обвиняемый главный метод расследование пытка 
24806	 поскольку реальный число податной душа уезд всегда быть значительно мало число указывать ревизский сказка солдат чтобы добывать положенный неположенный прибегать пытка сбор подать становиться дело 
24806	 замечать происходить это декабрь год когда царевич алексей быть уже схватывать везти москва петр письмо клятвенный обещать сын прощение сам уже готовиться новый пытка грандиозный казнь 
24806	 начинать казаться будто для она вообще быть населять человек лежать некий почва где произрастать весь необходимый государство тот число солдат землепашец матрос купец ремесленник весь тот кто можно быть посылать война или кто можно быть получать хотя под пытка необходимый подать поборы 
24806	 этот момент девочка даже испугаться ангел лицо сифилитик который стоять смотреть раздвигать щель глаз плевать цепь который уже приковывать липа значит уже начинаться пытка тут она услышать автомобильный 
24806	 граненый карандаш быть заменять круглый казаться орудие пытка 
24806	 если никогда переживать война одиночество тюремный заключение агония пытка или голод счастливо что 
24806	 слушание парламент посвящать выполнение украина требование конвенция оон против пытка 
24806	 парламентарий направлять запрос министр внутренний дело юрий смирнов который говориться недопустимость применение пытка время содержание под стража 
24806	 конвенция оон против пытка ратифицировать украина февраль 
24806	 фальшь при натура пытка неизвестно куда такой раздрая 
24806	 забывать быть орудие пытка лезвие марка нева 
24806	 лето год только что построить пароход челюскин предпринимать попытка проходить северный морской путь один навигация опровергать поговорка попытка оказываться пытка челюскин раздавливать лед чукотский 
24806	 короче попытка пытка петруха хороший малый кстати без 
24806	 морозов никак мочь успокаиваться сравнительно небольшой город прямо под самый его нос твориться такой дело пытка оружие его терзать вопрос кто 
24806	 потом приплюсовывать это рассказ леденящий кровь подробность пытка бандит вдовин еще ряд 
24806	 убийство чем повинный человек донос личный враг оговор пытка тайный приказ террор против 
24806	 надо скоро что-то предпринимать подобный случай мочь уже представляться сколько время продлиться полет знать быть быть попытка пытка савелий закрывать глаз громко 
24806	 выступать такой дух против пытка страх шульгин вместе 
24806	 вот уже василий шульгин автор недавний пытка страх писать киевлянин подумать 
24806	 оказываться пытка страх который считать такой 
24806	 обжигать она все кровь отравлять жизнь плохой пытка становиться выдюжить 
24806	 ненависть потянуться бессмысленный день осада долгий мучительный как пытка 
24806	 судебный заседание четверо пять обвиняемый говорить применение пытка это слово сергей пашин судья 
24806	 сотрудник автобаза быть насильственно доставлять здание детский дом бросать оборудовать там камера пытка 
24806	 томас знать себя грех словоохотливость тут над бутылка особый эстонский над бумажка расчет давать себя страшный клятва молчать свой умозаключение даже под пытка 
24806	 оценивать результат происходить вьетнам рейган открыто заявлять вьетнам сегодня это огромный тюремный лагерь физический пытка идеологический обработка 
24806	 ольга никогда думать что ожидание способный превращаться пытка 
24806	 говорить это так будто речь идти развлечение пытка усмехаться аркадий 
24806	 наверное настоящий пытка оказываться шаг свой 
24806	 юсуф мочь спать спокойно мастер морозов даже под пытка сказать слово 
24806	 вот устраивать еще пытка тут мочь убивать сразу 
24806	 через некоторый время константин сергеевич ласково сказать благодарить кончаться пытка читать станиславский еще при 
24806	 увы этот пытка вынести хрущев 
24806	 такой случай приходить вечный истина тип чем черт шутить попытка пытка 
24806	 все помнить детство притча китайский пытка капля вода размеренный падать 
24806	 фильм быть макет погоня пытка убийство пистолет кинжал 
24806	 введение жидкость менее способный убивать тот кто инквизитор подвергать пытка это случаться раз 
24806	 поэтому часто бывать что окончание пытка извлекать глубина горло тряпка 
24806	 рогалев дело проваливаться пустота когда сознание проясняться молить бог вступаться прекращать этот зверский пытка 
24806	 сегодня этот дьявольский пытка оказываться особенно мучительный 
24806	 безвременье русский жизнь рубеж век мучительно растягиваться вечность как пытка разрывать однако сустав 
24806	 кто-то приходить голова шальной идея сфотографировать даже снимать любительский камера пытка предсмертный агония женщина 
24806	 девка понимать как это взять пытка 
24806	 когда сам попадаться рука головорез принимать такой пытка мука что сознание 
24806	 учитывать прапорщик чеченский война проходить плен чеченец пытка побывать малость голова 
24806	 дело что прапорщик проходить первый чеченский война чеченский плен пытка сделать дегенерат отучаться 
24806	 доходить пытка кипяток который попадать камера 
24806	 оставаться живой момент окончание штурм они быть человек ждать либо казнь либо тюремный застенок пытка 
24806	 сын оскорбляться мать свинцов поседеть так будто проходить каземат пытка 
24806	 таковой относиться например право защита против пытка право восстановление защита 
24806	 иногда доказывать факт нарушение право человек бывать крайне трудно например если говорить право защита пытка 
24806	 пытка другой вид жестокость при обращение 
24806	 только спрашивать как это возможный пытка процесс публичный объявлять пожаловаться 
24806	 это еврейский проблема любой современный народ входить любой современный федеральный государство вступать драма рассечение дух любой человек жить современный мир обрекать проходить этот пытка становиться американец негритянский индейский 
24806	 газета число даже правда рассказывать сталинский лагерь пытка расстрел 
24806	 быть последний если ошибаться рассказ юрий трифонов недолгий пребывание камера пытка стих давид самойлов очерк елена 
24806	 склад подземелье комната пытка чулан камера смертник 
24806	 отрицать лишь заявление алексей что говорить будто петр любить умный человек долгорукий по-видимому подвергаться пытка другой хороший пример допрос аврам 
24806	 что они думать что можно изо день день печатать правда пытка застенок кгб потом 
24806	 такой еще видеть казнь русский военнопленный чечня таджикистан кровавый пытка оскал смерть как боевик чечня 
24806	 влет уходить боевик порнуха документалка пытка русский военнопленный чеченец 
24806	 черт пытка что мешать артем подвергать серго 
24806	 именно поэтому использовать пытка устрашение 
24806	 скоро все расстреливать или замучивать пытка 
24806	 мочь быть она вырывать под пытка моральный или физический 
24806	 поэтому знать как вести себя время гестаповский пытка 
24806	 брюгге год рыночный площадь возвышение устанавливать дыба такой образ чтобы она быть хорошо видный король максимилиан его камера народ который казаться недостаточный зрелище публичный пытка подозреваемый измена советник магистрат 
24806	 новый шпалера изображать орудие пытка страсть господний 
24806	 следующий день вербный воскресение начинаться штурм монастырь сан марко заканчиваться через шесть час погром саванарола арестовывать далеко пытка подпись под весь бумага 
24806	 кровь пытка пойти наперекор это судьба всякий 
24806	 пытка кнут лишение жизнь после 
24806	 условие тот пытка как это задавать ритм 
24806	 сам она думать другой примерно так она когда-то заглядывать сын комната когда спать этот пытка мучить она весь ужасно почему-то 
24806	 это вот что каждодневный попытка каждодневный пытка проникновение внедрение чужой судьба 
24806	 приказывать отговаривать сенатор мирович казнить без пытка так знать 
24806	 детство несчастный федор проходить александрова слобода между кровавый пытка буйный пир опричник страстный 
24806	 попытка пытка круто поменять курс 
24806	 человек капризный попытка пытка попробовать 
24806	 впрочем весь повседневный работа многочасовой непрерывный допрос пытка подозреваемый стремление сломать человек 
24806	 однако весь год существование посткоммунистический россия быть случай чтобы кто-то прокурорский или следственный работник быть привлекать реальный ответственность незаконный арест избиение пытка подследственный незаконный возбуждение уголовный дело 
24806	 сидеть стул который много похожий орудие пытка понимать что если сейчас 
24806	 работа провожать больший часть свой жизнь нельзя превращать этот время пытка 
24806	 комитет экономический социальный культурный право комитет против пытка комитет ликвидация дискриминация 
24806	 считаться что только под страх пытка раб мочь сказать правда 
24806	 схватывать молчать бросать пытка тогда сказать что звать 
24806	 писатель всегда всюду занятый один ждать пока сквозь оно как бамбук китайский пытка прорастать литература 
24806	 что самый интересный даже знать где сейчас мой самоходка еще пытка выдерживать мелкий презрительно улыбаться 
24806	 хронологически этот пытка быть относить год 
24806	 готовый быть плохой пытка длительный срок заключение 
24806	 офицер альфа участвовать пытка исполнитель продолжать защищать сочинец 
24806	 один простой истина который узнавать такой рассказ сводиться что условие барак холод голод говорить уже издевательство пытка там где человек умирать как 
24806	 мочь себя представлять страдание этот человек для который все происходить зал быть сплошной пытка 
24806	 видеть они такой примериваться слово прощание быть настоящий пытка 
24806	 начинать еще начало весна кампания против недозволенный метод дознание просто против пытка милиция обещать читатель 
24806	 тот ночь давать немного поспать просыпаться мочь надзирательница будить стучать ключ над голова бляха ремень конечно это садизм соколов пытка сон 
24806	 прикосновение человеческий больно чем пытка знать запоминать папа 
24806	 так оно быть потому что угрюмый выдерживать пытка искушение запах родной свежий пшеничный 
24806	 сочиться капля странный музыка появляться ничто вокруг происходить завораживать движение всеобщий совокупление казнь пытка жертва исступление 
24806	 позволять граф прекращать этот пытка полковник барон молодость 
24806	 капитан сергей школьный вот уже много два год добиваться правда восстановление служба после как попытаться публично называть виновный издевательство пытка над солдат мулинский дисциплинарный 
24806	 через час или два везти другой госпиталь опять пытка колочение днище грузовик 
24806	 видимо всегда так при отмена пытка при отмена телесный наказание 
24806	 смерть она пугать необходимость жить год год под непрерывный пытка 
24806	 придумывать быть нравственный пытка приводить заключенный умолять 
24806	 например добрый кричать злой злой никак поддаваться требовать что становиться страшный пытка 
24806	 знать как обстоять дело пытка ричард коммунистический 
24806	 что рюмин вводить пытка обязательный меню мгб ссылаться 
24806	 правда столяров свой книга пытаться объяснять что подчас арест пытка делаться затем чтобы потом внезапно 
24806	 день между ночной пытка происходить следующий легендарный эпизод 
24806	 рассказывать великий верблюжий акушер выпивать водка стараться избегать пытка баран именно быть 
24806	 любимый вредный привычка становиться превращаться ежедневный пытка 
24806	 оба они такой пытка видеть первый раз 
24806	 один чегемец слушать этот рассказ скептически качать голова говорить что такой она примерещиться пытка 
24806	 тренироваться надо долго попытка пытка класс история быть стенд 
24806	 это колесо моральный пытка скрипеть инструмент дебилизация без 
24806	 настя труд вытерпеть несколько минута этот пытка сунуть десятитысячный бумажка 
24806	 считать угощать попытка пытка задирать чубайс 
24806	 попытаться сунуть главный попытка пытка как говориться знать кстати такой 
24806	 стараться стараться ведь попытка пытка правда лаврентий добродушно обращаться вождь 
24806	 вот что писать профессор лондонский университет тим шаллис статья пытка коридор безмолвие анализ 
24806	 можно помогать такой человек который болезнь движение проявляться пусть меньший степень все равный превращать морской воздушный автомобильный путешествие непрекращающийся пытка 
24806	 этот причина объявлять постановлять что обвинять рехильда миллер жена медник николаус миллер город раменсбург должный быть подвергать пытка сегодня семь час пополудни 
24806	 ведьма подвергаться более легкий или более мучительный пытка смотреть тяжесть преступление 
24806	 если после это упорствовать его присутствие читаться приговор продолжение допрос под пытка второй или третий день 
24806	 нет сперва долго увещевать они сначала добро потом пытка 
24806	 изя раздраженно сказать что если дама просить подвергать пытка это можно устраивать 
24806	 оракул допрашивать савел по-разному применять пытка дыба вода огонь 
24806	 впрочем насчет пытка применять савел предпочитать 
24806	 когда-то находить определение решать что объяснение избавляться настигать одночасье укол удар неожиданный болючий одномоментный наталья сразу пытка 
24806	 конечно понимать что это мой отец что замечательный благородный человек который даже под пытка оговаривать никто кроме себя 
24806	 снимок сделать должно быть еще начало пытка 
24806	 заниматься лыжный тренажер или шагающий ступенька течение минута пытка 
24806	 если петр просто убивать пытка замучивать смерть болезненный слабый 
24806	 этот способность приобретать еще юность она показываться настолько важный практичный что единожды проделывать это приниматься тренировать тело контролировать несознательный движение сон что сперва превращать ночь жестокий пытка умопомрачительный дрессировка плоть лишать естественный 
24806	 семеро признавать она вдова правда трое под пытка 
24806	 почему почему именно этот пытка трижды присниться 
24806	 это распинать канат пыточный клеть конунг кстати пытка князь рюрик прежде чем 
24806	 быть твердить это самый страшный пытка клясться память мать 
24806	 только такой образ избегать мучительный пытка еще более мучительный казнь 
24806	 через три минута пытка мальчик некоторый время потерять 
24806	 левинсон собираться как пытка это прозвище 
24806	 наконец пытка откровение заканчиваться березин переводить 
24806	 слабость обнаруживать нельзя отчаянный порыв прекращать этот пытка выскочить заорать 
28262	 революционер книжка для юношество молча выносить пытка который манекен запевать 
24806	 существование лео это удар палец один тот клавиша монотонный как китайский пытка 
24806	 она придумывать еще большой пытка выпускать огненный дракон именно сегодня 
24806	 осторожный капание голова вода чайник такой быть дикий метод последующий стекание лицо шея быть вполне подходящий пытка 
24806	 отношение заведомо несовершеннолетний или лицо заведомо для виновный находиться беспомощный состояние либо материальный или иной зависимость виновный равно лицо похищать либо захватить качество заложник применение пытка группа лицо группа лицо 
24806	 тот деяние соединять применение насилие издевательство или пытка 
24806	 нет говорить пока лагерь быть жертва жестокость пока стоять перед опасность только смерть пытка каждый минута мочь говорить 
24806	 труп некоторый боец командир суметь выползать наверх сохранять след жестокий пытка 
24806	 гадный быть подвергать пытка многое сознаваться 
24806	 быть например циничный остроумный черный толстяк гай бегать глаз который потом оказываться скрывать свой прошлое белый журналист быть томный декадентский юноша лебедев изнеженный голос рассказывать пытка применяться ватикан средний век 
24806	 это коробить быть издавна мальчишеский интерес образ пытка казнь еще время 
24806	 попытка пытка апиток питок вэрный 
24806	 мгновенно скидывать якобы может правда применять при допрос пытка последний день 
24806	 или хотеть чтобы устраивать пытка 
24806	 нужный уже пытка наркотик сажать парень перед 
24806	 конечно проходить сквозь пытка свой персональный дело постоянно 
24806	 должный помнить что положительный роль страдание иметь для человек только тогда когда принимать тогда когда этот страдание налагать как пытка который понимать 
24806	 когда пленный сажать мина говорить или быть такой пытка телефон привязывать провод половой 
24806	 покупать себя пища прекращение пытка 
24806	 кто осуждать если мучение пытка вытерпеть соглашаться 
24806	 ничто добрый обещать генерал столица где испытывать унижение который улечься беспощадный память конец его день где один час быть ссаживать конь растаптывать прах где лубянский следователь опрядкин ставить колено угол шлепать рука линейка вот весь пытка мочь быть так 
24806	 стоить подчеркивать что варшавский охранный отделение арестованный выбивать показание при помощь пытка что практиковать чин прочий подразделение 
24806	 пытка также очень часто применяться 
24806	 научаться детство самоудовлетворяться изнывать этот пытка воображение перенапрягать плоть без надежда 
24806	 еще плохой пытка быть потерять даже короткий 
24806	 помнить ночной кошмар предлагать калмыков заменять сад пытка страсть грудь костюмерша эффект 
24806	 это должный последовать пытка кстати презрительно как двоечник 
24806	 лимон указывать маленький креслице перед орудие пытка сам садиться один 
24806	 проходиться зал интересный здесь орудие пытка вот дыба 
24806	 вдруг зазвонить телефон тяжелый железный трубка тесный военно-морской зажим тоже похожий орудие пытка труд вытаскивать 
24806	 ляля зайти очень маленький очень дорогой сказать изысканно извращенный бутик там белье черный жгут выглядеть белый тело как орудие пытка 
24806	 знать это наш сердце разрываться невозможность помогать облегчать этот становиться пытка дорога 
24806	 первый если человек чем власть перечить это вовсе порука его защищенность второй операция производиться чекист какой-нибудь многомиллионный меньший пожалуй масштаб чем производить быть деревня тот который давать себя труд ужасаться третий следствие заключенный бить показание давать под пытка они вправе 
24806	 отправлять новый пытка этап магадан 
24806	 год она быть гоминьдановец бросать тюрьма где умирать пытка 
24806	 сам она убивать подспудно хотеть смерть потому что мочь больше выносить пытка любовь 
24806	 надо никакой котел кипеть смола это плохо любой пытка 
24806	 мочь случаться что человек уписываться ожидание пытка беглый взгляд набор 
24806	 когда сила вытерпеть этот пытка сорвать трубка рычажок 
24806	 сносить все пытка перегуд это свой сон 
24806	 вот этот пунктуальный самоэкономия этот педантичный пытка бедный женщина будить 
24806	 пытка продолжаться тот пора пока 
24806	 отправлять костер пытка тысяча что 
24806	 недаром один самый ужасный пытка инквизиция быть 
24806	 мочь быть она вырывать под пытка моральный или физический 
24806	 разумеется никакой пытка избиение прочий привычный для 
24806	 даже если замучать насмерть пытка диктаторский застенок 
24806	 понимать что ольга сейчас задыхаться этот чудовищный жара этот каморка крик толпа становиться громкий тут соображать что духота быть главный пытка 
24806	 шесть месяц продолжаться пытка затем приходить сон долгий 
24806	 вот как выглядеть например явление летаргия глаз простой даже предубеждать наблюдатель быть погребать заживо без сомнение один ужасный пытка когда-либо выпадать доля смертный 
24806	 рубить солнечный мельница мешок тоска собирать зима глодать сладкий пытка засматриваться так бросаться шагать 
24806	 нашествие татарин битва натурный эпизод церковь перед пытка патрикей 
24806	 государственный интерес блюстись спешить поэтапно первый этап пытка недоверие самый дело биомос 
24806	 этот письмо эйха отрицать свой виновность предъявлять обвинение сообщать что оговаривать сам себя потому что применять ужасающий пытка бить больной позвоночник 
24806	 строить различный предположение метод который достигаться такой показание пытка исключать 
24806	 шмидт снова подтверждать свой клеветнический показание прощаться якир действительно тайком сунуть рука заранее заготавливать записка который сообщать ворошилов свой непричастность террор объяснять что показание вызывать пытка 
24806	 его царствование преподобный брат неоднократно вызывать константинополь здесь подвергать лютый пытка 
24806	 привередничать просто палочка быть пытка это никогда 
24806	 уверенный что никакой другой нормальный человек этот пытка вынести смочь 
24806	 так быть задумывать ведь пытка развязывать язык 
24806	 благодаря этот случайный встреча секретарь кардинал быть избавлять пытка 
24806	 вакханалия пытка весть который доходить 
24806	 через несколько день или неделя все сначала ошибка исступление раскаяние пытка совесть новый убийство 
24806	 это означать продлять еще месяц потом еще месяц еще еще избиение издевательство плевок лицо удар почка пытка беспрерывность допрос бессонница яркий электрический 
24806	 где-то тайник его сердце душа оставаться надежда что когда этот показание выходить рука безграмотный следователь мой фамилий писать они протокол прочитывать кто-то высоко кто-то обладать хотя способность логически мыслить там высоко понимать показание кольцов выдумка результат пытка много 
24806	 готовиться свой последний слово суд чтобы доказательный опровергать все что выбивать следователь при помощь пытка 
24806	 человек который клеветать другой под пытка доносчик 
24806	 лжесвидетель они человек под пытка под 
24806	 под пытка нарисовать фальшивый картина 
24806	 главный вопрос себя как поводить себя там атака под пытка 
24806	 пламенный большевик быть бедняга подвергать пытка 
24806	 тогда начало год еще применяться допрос пытка стремиться брать испуг держать 
24806	 этот слово никакой пытка заставлять сказать 
24806	 ладно говорить попытка пытка дома ребенок плакать 
24806	 внимательный читатель обнаруживать проблема наркомания спор гомосексуализм размышление над природа левый правый экстремизм рассуждение бессознательный партнерство жертва палач также психология пытка весь это равный мера 
24806	 сламывать пытка ремигий кричать свой преследователь 
24806	 время этот пытка биться судорога 
24806	 апрель год писать сталин что связь хлебозаготовки колхозник применять омерзительный метод пытка избиение надругательство 
24806	 ответ пытка другой средство незаконный давление 
24806	 быть арестовывать подвергать пытка выживать роботти зять 
24806	 год большинство этот капитан советский индустрия быть арестовывать многий они быть расстреливать или умирать время пытка этап лагерь 
24806	 вериться что пытка мочь сламывать человек такой сорт 
24806	 над могила этот преступник еще сидеть перед подсудимый признаваться под пытка весь мыслимый немыслимый 
24806	 ведь уже много знать ужасный преступление арест безвинный пытка голод насилие 
24806	 виновный нарушение социалистический законность применение строжайше запрещать закон прием следствие читать пытка подлог фальсификация 
24806	 начинаться письмо описание действие берия его сообщник грузия массовый арест казнь чудовищный пытка 
24806	 берия его ведомство согласно красный книга быть лаборатория проблема откровенность вероятно там заниматься химический средство растормаживание психика мочь технология пытка 
24806	 июль год выдерживать пытка полный изоляция люся мысль 
24806	 прокуратура просто штамповаться или дело человек сознаваться убийство осужденный казнить который потом оказываться полностью непричастный преступление показание явно быть давать результат избиение или другой пытка 
24806	 никто мочь быть подвергать пытка жестокий обращение 
24806	 как мочь такой хрупкий существо иногда даже ребенок мученица вера надежда любовь быть просто маленький девочка как они мочь выдерживать такой злоба такой пытка 
24806	 уже детство пытка что хотеться 
24806	 пытка что другой оказываться любить 
24806	 пытка что другой оказываться любить 
24806	 пытка что другой ребенок успевать 
24806	 лжесвидетельствовать они под пытка под угроза 
24806	 это получаться достойный так как если вражий допрос претерпевать пытка правый дело 
24806	 сейчас турок перекрывать весь дорога смочь находить обходной путь думать бранко выдерживать пытка нет угрюмо отвечать меченый 
24806	 отвиновский мочь быть тут задерживать убивать подвергать пытка шанс вернуться быть 
24806	 случаться потом особо тяжкий день вспоминать этот пытка дух лубянка февраль 
24806	 завтра прийти сказать ариэль этот день начинаться ежедневный пытка рано утро заходить 
24806	 бить лишать передача лишать сон это быть самый страшный пытка 
24806	 быть они особенный вид пытка казнь связывать местный 
24806	 вот слушать вот вот здесь все написать вышуупомянутый иоганн хербст прозвание опоринус задерживать для снятие допрос настояние медицинский коллегия капитул храм сзятый петр под угроза пытка подтверждать что его учитель лекарь 
24806	 признаваться чтобы убеждаться обманывать приказывать подвергать раб пытка 
24806	 нет опыт попытка пытка усмехаться семенов попытаться 
24806	 все быть прекрасно никто вспомнить что нога правда нет потому что этот правда добывать под пытка больно ударять нога 
24806	 вспыхивать чувство жалость любовь лизанька бурнашов раскрывать старинный записка великий смута казацкий атаман баловень что пировать север людской кровь вместе гетман шелководский тот казак садиться деревня разорять повоевать основание крестьянин жженый видать много семьдесят человек мертвый много сорок мужик женка который помирать мучение пытка кроме замерзать 
24806	 этот грех целиком лежать участник поход курить рекомендоваться когда вытаскивать сигарета один походник фамилия который называть под пытка заговорщически подмигивать потянуться 
24806	 рассмешить гуревич ожидание маленький пытка 
24806	 прохоров пробовать еще хоть чуть-чуть развеселять гуревич перед пытка 
24806	 орудие пытка робот который писать 
24806	 окоп обезображивать неузнаваемость труп три старик крестьянин след страшный пытка 
24806	 никто никогда восток такой мороз трактор заводить говорить попытка пытка этот попытка 
24806	 говорить попытка пытка этот попытка 
24806	 этот пытка продолжаться мало четверть час 
24806	 написать пожалуйста этот формула пытка продолжаться хороший два час 
24806	 работать над страшный скука ибо нет больший пытка чем этот работа свой 
24806	 мученик радостно принимать пытка мука видеть они 
24806	 такой оставаться память инспектор проводы нерв ожидание пытка время исход горизонт 
24806	 хороший они быть вольготный без лихорадка сбор без пытка ожидание первый залп 
24806	 сказать что данный удав нарушать междупородный договор гуманный отглота вести обрабатывать кролик издевательский разговор применять пытка вид колебание каприз 
24806	 если признавать спускать вниз повторять пытка 
24806	 после это длиться пытка откладывание рейс 
24806	 кто одноклассник быть это дело если урок гармония ставить обморочный троечка каждый экзамен идти как пытка дрожать рука расширять 
24806	 брат немецкий коммунист бывший депутат рейхстаг сидеть концлагерь насколько понимать его дальнейший поведение пытка гестапо сходить 
24806	 оставаться еще один день пытка быть очень тяжко 
24806	 никакой цель национальный социальный месть самый ужасный преступление прошлое мочь оправдывать жестокий убийство неповинный человек тот число ребенок заложничество пытка шантаж 
24806	 кипеть смола серный душегубка бессмысленный сизифов труд крюк который подвешивать ребро танталов пытка голод жажда 
24806	 быть плохо азиатский пытка крыса европейский ток 
24806	 легенда застенок пытка уже никто поверять 
24806	 объяснять прекрасно объяснять хорошо тут имя благородный цель чтобы одобрять вслух впрочем иной вслух одобрять постыдиться как замечать китай террор запугивать пытка убийство если 
24806	 общежитский комната девять квадратный метр постепенно превращаться для она камера пытка она ненавидеть она вечно мокрый 
24806	 хотеть туда где собирать орудие пытка 
24806	 быть этот зал где орудие пытка 
24806	 слово почти быть когтистый оно терзать хотя быть глупо терзаться рано этот пытка знать рано 
24806	 далеко север быть наш дом сейчас там стоять мороз заметать дорога утро приходиться вызывать бульдозер белый пар сквозь кровля выходить дом тепло недолгий пребывание камера пытка ранний весна год когда 
24806	 второй день после обед зальцбург поехать экскурсия поблизости замок помещаться средневековый камера пытка 
24806	 все быть навеселе после обед разбредаться хохот шутка громадный замок слоняться ход зал подземелье где полумрак висеть торчать дыбиться орудие пытка счастие один 
24806	 ведь после пребывание камера пытка проходить пятнадцать год оно 
24806	 конечно если нет специальный задание сверху применять пытка 
24806	 знать уезжать что ехать душевный пытка 
24806	 сколько время продолжаться этот пытка сколько ломать выворачивать григорий 
24806	 использоваться более утонченный техника включая пытка электрический шок содержание 
24806	 вопиющий факт глумление над человеческий личность факт зверский пытка издевательство который подвергаться араб 
24806	 в-четвертых вот уже двадцать год нет массовый террор нет повальный арест ночной бандитский налет обыск издевательство нет пытка 
24806	 известно очевидец страница официальный печать что при сталин существовать концлагерь что они попадать миллион рабочий крестьянин военнослужащий интеллигент партийный работник религиозный деятель иностранец частность искать политический убежище ссср представитель национальный меньшинство знать что многие доходить лагерь они замучивать пытка расстреливать доводить самоубийство 
24806	 судебный процесс страсбург великобритания быть признавать виновный нарушение европейский конвенция право человек запрещать пытка бесчеловечный унизительный обращение 
24806	 под угроза запрещение научный деятельность сожжение неопубликованный труд пытка вынуждать быть отрекаться 
24806	 когда хотеться пить пить пить ожидание перемена вдвойне становиться пытка 
24806	 лежать прямо прибрежный камень смотреть вслед наш этап удаляться направление город навстречу пытка коллективный баня дезкамера 
24806	 как запустеть мой душа мучительный чередование автоматизм общий работа пытка лагерный лексикон 
24806	 они превосходить умение орудовать топор кайло или тачка далеко отставать умение выдерживать пытка 
24806	 один минута передо пронестись весь весь пытка весь камера весь шеренга 
24806	 там все место следователь камера пытка суд 
24806	 они даровать жизнь быть возможность физический существование самый усугублять его пытка 
24806	 когда-нибудь нужно умирать все-таки попытка пытка мочь еще раз посмеяться над 
24806	 вот чем пытка страх месть 
24806	 ожидание возглас смертный пытка один просить господь 
24806	 можно однако приводить множество свидетельство что террор год свирепствовать грузия даже сильно чем большинство другой республика здесь гораздо чаша выноситься именно смертный приговор пытка отличаться особый изощренность 
24806	 вот там шкаф рядом перхать репродуктор поблескивать орудие пытка кожаный саркофаг 
24806	 путешествие оборачиваться пытка утлый парусник неделя качаться 
24806	 разве возможный что этот братский могила погребать герой очень слабый человек который вынести пытка гестапо становиться предатель выдавать 
24806	 дверь опять затрещать пытка слушать когда кто-то дверь 
24806	 особый поддержка заслуживать подымать этот организация международный кампания против применение пытка 
24806	 выдерживать пытка повеситься тюремный камера житель 
24806	 ольга васильевна часто раздражаться может следовать боже мой что теперь делать раздражаться напрасно несправедливо никак мочь перебарывать себя потому что совесть говорить быть причина теперь этот воспоминание тоже пытка оттого что мочь час забывать 
24806	 девушка казаться что самый страшный пытка вырывать она хотя 
24806	 свидетельство раб приниматься лишь под пытка если 
24806	 чтобы длить пытка становиться судорожно глотать 
24806	 профессор таганцев желать давать показание пытать заключать пробковый камера держать там день пока путем пытка провокация добиваться нужный 
24806	 тот расправа поволжьи саратов где чиновник ведомство дзержинский чекист озолин даже отрицать факт пытка арестованный где житель 
24806	 один рассказ шаламов говориться судьба заместитель начальник ленинградский унквд никонов сподвижник ежов заковский который время следствие раздавливать яичко этот метод как самый страшный пытка который невозможно выдерживать писать 
24806	 хорошо знать солженицын говорить другой место что религиозный идеология облегчать двухсотлетний зверство инквизиция сожжение пытка еретик 
24806	 видимо сванидзе сламывать ложный показание себя давать тогда личный показание выбивать путем пытка являться достаточный основание для расстрел 
24806	 падать обморок уводить домой это кончаться мой ежегодный религиозный пытка 
24806	 потом становиться выносить мертвец окровавленный пытка замучивать голод задыхаться смрад 
24806	 страх отсчитывать время приближение знать что быть пытка каждый стул который 
24806	 памятник человечество кустарный камера пытка наш век вопрос 
24806	 дело брат навес бразилия пытка прогрессивный адвокат 
24806	 положение признание под пытка государство полиция быть 
24806	 подвергать себя бодрый пытка читать пока хватать что-то внутри 
24806	 еще ложиться спать еще даже думать этот человек подсознательно уже страх ожидать очередной бессонный пытка 
24806	 если золото быть сам определять мера пытка мера выдержка свой будущий 
24806	 исключительность который теперь письменный устный легенда приписывать год видеть создание придумывать вино пытка 
24806	 раз дутый дело быть всегда насилие пытка тоже быть всегда это 
24806	 духовно нравственный преграда который мочь удерживать орган пытка быть никогда 
24806	 первый послереволюционный год еженедельник вчк красный меч красный террор открыто дискутироваться применимость пытка точка зрение марксизм 
24806	 партикулярный господин видимо агент крупный чин терять время докладывать профессор фармация трапп получать письменный предупреждение злодейский комитет насчет чтобы воздерживаться пытка арестовывать при дознание что 
24806	 только шиш узнавать никакой пытка заставлять гришка заговаривать 
24806	 где кроме все прочее пытка воск железо галерея 
24806	 артист ради искусство всякий пытка приходиться терпеть 
24806	 великий стратег щедро весело злорадно расправляться свой чужой весь его холеный человек бородка орден стрелять себя висок выбрасываться окно умирать чудовищный пытка проходить перешагивать друг через друг 
24806	 хорошо сказать наконец попытка пытка 
24806	 бессонница томить другой метод пытка применять 
24806	 голос повышать при разговор чтобы применять пытка 
24806	 знать что угрожать выдерживать пытка страх 
24806	 довольно вспомнить пытка ревность который георгий терзать 
24806	 человек обладать голос подвергаться самый гнусный весь пытка они вырывать язык 
24806	 испытание страх один самый страшный пытка после она человек оправляться 
24806	 такой образ назойливый думаться николай изобретение человеческий гений рука идиот превращаться орудие пытка 
24806	 бессонов повертываться внезапно почувствовать что мочь упасть оступаться при неверный шаг пойти назад как под боль пытка когда увидеть подле громада 
24806	 потом горлышко фляжка раздвигать парень зуб тот стон отклонять голова бессознательно как под пытка сопротивляться один рука придерживать 
24806	 искать обходной путь устраивать пытка 
24806	 когда разрабатывать пытка психологический подавление когда создавать 
24806	 этот раз без пытка процедура просто уничтожать 
24806	 здесь заседать трибунал здесь стоять дыба вот орудие пытка огонь уже гореть 
24806	 принимать почет оказывать весь поперек весь лай пытка михаил вдруг нестерпимо стыдно становиться 
24806	 минута отчаяние думать что смочь спасать умирать пытка любимый женщина борша подписывать обязательство 
24806	 приветствовать свой испытанный многочисленный мучение пытка читатель издательство федерация один 
24806	 художник утверждать что пытка казнь палачество удушение человеческий свобода 
24806	 дьявольский козни или другой способ пытка шантаж провокация можно заставлять лишь 
24806	 процесс тридцатый год неминуемо предшествовать пытка гипноз голод бессонница конвеерный допрос 
24806	 промежуток между пытка мучитель грозиться кастрировать 
24806	 одновременно являться владелец ранчо пытка красный гора 
24806	 через два час ранчо быть взять без бой два час сообщник ассумпсио вполне хватить чтобы увезти надежно спрятать полумертвый пытка узник 
24806	 они допрашивать пытать ужасный пытка весь ночь 
24806	 еще один обстоятельство даже один два операция этот попутно послужить новый подтверждение что штаб валя находиться якобы окружение партизан одновременно избавлять генрих шварцкопф чреватый опасность нравственный пытка 
24806	 это помогать избегать пытка если оказываться затруднительный 
24806	 это избавлять русский пытка давать они возможность отомщать 
24806	 как смочь выдерживать этот пытка 
24806	 если весь возможный обстоятельство при который человек мочь утрачивать власть над себя включая пытка угроза казнь быть обсуждать 
24806	 запоминать квалифицированный способ пытка предлагать применять упрямец 
24806	 переоценивать себя хватить металл душа чтобы выдерживать тот духовный инквизиторский пытка который себя обрекать 
24806	 что предпочитать моментальный смерть или пытка гестапо 
24806	 даже если быть спрашивать это под пытка 
24806	 если случаться это знать мой имя хоть раз произносить хоть бред или под пытка означать мой смерть вместе 
24806	 если кэт молчать ребенок она приходиться самый испивать горький чаша пытка 
24806	 месть гюисманс сопротивление пытка тревога тревога крис странный 
24806	 камера пытка девчонка уже там 
24806	 второй глаз заплывать видимо доводиться побывать камера пытка 
24806	 ругать родитель плохой социальный происхождение четвертая рассказывать пытка который подвергать старый учительница 
24806	 молодогвардеец выслеживать немецко-фашистский власть схватывать заточить подвергать нечеловеческий пытка 
24806	 выдерживать пытка заплакать район мясницкий прислонясь 
24806	 говорить больной бред который вырываться человек под пытка 
24806	 неужели целый четырнадцать день четырнадцать ночь этот пытка 
24806	 когда впервые наука право появляться понятие активный следствие спецпрокурор быть спускать шифровка пытка верить жалоба они 
24806	 смрад роскошь быть они тут сладостный там заслуживать они пытка зловоние 
24806	 как страшный думать погибать бомбежка все-таки неизмеримый страшно погибать рука гестапо дело пытка это быть что-то мистический 
24806	 папизм изобретать ужасный пытка ужасный казнь для человечество 
24806	 она просить пить каждый глоток для она пытка горло раздирать ангина 
24806	 долго вить этот нить когда-нибудь все кончаться штука быть чтобы выдавать крошка бесполезный для они правда самый нестерпимый мгновение пытка когда еще хотеться оставаться 
24806	 вот они меняться пить чай звонить домой флиртовать медичка который вызывать когда человек пытка терять сознание 
24806	 допрос иметь цель добиваться признание японский власть связь советский разведка для что создаваться исключительно тяжелый рассчитать моральный надлом человек обстановка применяться различный род угроза мера физический воздействие быть пытка 
24806	 каждый секунда как медленный капля темечко средневековый пытка черт что это 
24806	 синодик опальный указывать умирать тюрьма или после пытка например там нет победитель татарин 
24806	 население облагаться непосильный налог для взимание который иван грозный применять пытка казнь 
24806	 пытка применяться почти при каждый задержание 
24806	 если проходить чуть далеко можно узнавать что рука вивисектор кровь животное раб человек вообще хватить получать зарплата пытка 
24806	 счастие она россия жить забывать весь непруха печаль пытка клевета газета несвобода 
24806	 там один человек коллекционировать пытка быть описание 
24806	 кроме все прочее усаживание кол утопление пытка сожжение двоечник обсуждать дисциплина 
24806	 последний время общение кошатница превращаться пытка 
24806	 человек похищать подвергать допрос пытка понятный дело становиться сопротивляться 
24806	 признавать хороший альтернативный что сам себя приятный почему это влечь себя пытка вид словоблудие тема 
24806	 один главный проблема ингушетия похищение человек пытка бессудный казнь 
24806	 остап выносить терзание пытка как исполин 
24806	 так-то просто уничтожать достойный человек память оставаться никакой пытка искоренять 
24806	 там скамейка самый периферия мой зрение что-то мелькать мелькать мелькать мелькать вверх-вниз что-то продолжать производить мелкий крысиный быстрый страшный как пытка поступательный движение 
24806	 результат известный многочисленный обвинение нарушение право человек прослушивание телефонный переговоры незаконный слежка похищение пытка содержание секретный тюрьма 
24806	 принародный лишать жизнь потенциальный наследник престол означать подорвать престиж монархия такой оборот событие быть царь выгодный поэтому петр поступать более изощренно приказывать запытать сын фактически алексей убивать постоянный пытка если для прочий узник предусматриваться 
24806	 сам человек убивать без пытка 
24806	 подъемник кормилец превращаться орудие мучительный пытка 
24806	 вот сам себя риторический структура весь его метание как раз это заниматься обращаться сам пытка дознание кто 
24806	 подвергать декабрь пытка алексей иванович сознаваться четыре 
24806	 также устраивать молодежный кружок собрание который объяснять учение христов филарет под пытка год 
24806	 если ошибаться академик оксман вспоминать что весь пытка который вынести застенок 
24806	 постоянный сжигать страх перед какой-то чудовищный пытка скажем кастрация 
24806	 почему мочь нравиться кровь страдание пытка 
24806	 богодухновенный книга апокалипсис уста смиренный апостол иоанн вкладывать вопль поруганный страдающий любовь господний видеть как огненный озеро вечный пытка ввергаться сонм человек 
24806	 автор сергей голубицкий крест это символ пытка предпочитать знак доллар символ 
24806	 под пытка узнаваться правда элис 
24806	 думать быть уместный здесь приводить отрывок бестселлер всуворов аквариум который как нельзя хорошо подходить наш тема успех приходить только тогда когда каждый тренировка доводить человек грань его возможность когда конец тренировка превращаться пытка когда человек кричать боль 
24806	 важно что впоследствии человек этот показывать будто они склонять самооговор полиция пытка барин они господин сухово-кобылин 
24806	 александр васильевич подробно рассказывать дело убийство диманш который несколько его крепостной человек быть вовлекать пытка который подвергать несчастный крепостной дабы 
24806	 уход милиция год реформа многий высококвалифицированный сотрудник частность изза крайне низкий оплата нелегкий труд утрата профессионализм восполнять побои пытка 
24806	 при это нельзя исключать что этот лоббистский борьба еще сам разгар новый текст постановление всего лишь пытка взять тайм-аут дальнейший спор 
24806	 считать что такой перегрузка подвергать сознательно это свой род пытка 
24806	 даже если человек жить манхеттен ехать каждый раз пытка 
24806	 говориться постановление временный правительство также практик царский юстиция допрос свидетель пристрастие подлог акт следствие пытка судья сенатор который 
24806	 европейский суд право человек чуть пытка приравнивать содержание наш следственный 
24806	 зато каждый последующий стакан вода перед этот роковой вопрос внимательно глядеть ирина вульф молча выжидающе подымать один бровь это быть пытка мама знать что рассмешить плятт 
24806	 екатерина быть достаточно умный чтобы одобрять пытка подследственный любить при случай 
24806	 сначала допрашивать только грозить они затем приводить застенок ставить возле орудие пытка часто все это быть дыба 
24806	 потом помощь родственник муж сестра обман завлекать парень мордовия там приступать пытка загонять денис швейный иголка 
24806	 изба быть полный битком народ стол передний угол сидеть трое сектант объявлять что быть беседовать недопустимость почитание крест как орудие позорный пытка смерть 
24806	 придумывать человек пытка помощь боль уничтожать весь 
24806	 становиться единоличный лидер проявлять похожий сталинский страсть единоличный власть поклонение подхалимство окружающий беспрекословный послушание хотя весь это уже так сказать мирской секулярный религиозный форма столь что необузданный главное несравненно мало жестоко всякий случай почти без кровь более без пытка 
24806	 дело теперь уже пытка дело чтобы 
24806	 жить воображение рисовать физический пытка нравственный мука лева 
24806	 нет бог для создавать этот прелестный существо чтобы подвергать подобный пытка 
24806	 пока надо продемонстрировать волос наш искренний забота чтобы они смочь вынести предстоящий они передряга ежеутренний пытка фен например выглядеть достойно 
24806	 свой заявление она называть смертный приговор такой род пытка который должный быть допускать 
24806	 этот комната легко догадываться становиться для новосел камера пытка 
24806	 написать весь это подумать ведь наш обезьяний телевидение уже показывать последний герой наверное облизываться лицензия для фактор страх кресло камера пытка другой фактор обесчеловечивание 
24806	 никакой суд потом ничто быть слушать про припарка здешний извиняться про пытка ведь нужный какой-то улика 
24806	 святой андрей быть вызывать суд там подтверждать свой вера христос это подвергать пытка сам ложиться раскалять 
24806	 власть расследовать должный образ случай грубый нарушение право человек чечня убийство пытка грабеж совершать федеральный сила 
24806	 массовый депортация казаться что-то совершенно немыслимый впрочем русский военный статистика теоретически обосновывать они еще год более укладываться европейский сознание угон население работа взятие заложник разрушение мирный город пытка массовый расстрел 
24806	 сравнение ежедневный пытка завтрак ланч обед также 
24806	 покрываться багровый краска согласный почему-то выдерживать мучительный пытка совместный прогулка она 
24806	 лизавета сей пора помнить как охать возмущаться загорелый седовласый дяденька цейсовский очки тетенька костюм брошка а-ля мадлен олбрайт увидеть туалет ржавый потек это практически пытка это наказание без судебный приговор 
24806	 организовывать эрдут концлагерь для хорват где практиковать массовый казнь пытка издевательство над военнопленный 
24806	 назаров опережать плохо физический пытка 
24806	 единственный человек который поддаваться рассказ пытка быть хромой женька 
24806	 попытка такой быть как пытка призывать человек оказываться неожиданно для 
24806	 хотеться скоро следующий дабы пытка этот затягиваться утро 
24806	 чем большой тихон рассказывать тем мало оставаться тот противник который недавно мечтать подвергать самый изощренный пытка 
24806	 бродить комната человек обнаруживать след чудовищный пытка вырывать челюсть коса клок 
24806	 любопытный быть человек один умирать пытка харкать кровь морда палач 
24806	 неглупый самостоятельный еще совсем старый они терпеть этот домашний пытка год 
24806	 вот что всегда привлекать рубина сердце читатель только отсутствие иллюзия собственный счет уравновешивать это вера человек как таковой его мужество феноменальный способность среди кошмар быт пытка память заниматься любовь творчество дружеский 
24806	 это весь вероятность сыграть ведущий роль нашуметь тогда статья пытка страх напечатать газета киевлянин 
24806	 великий генетик отец весь народ быть еще великий мастер пытка 
24806	 если после десятый страница захватывать далеко пытка или формальный просмотр текст для 
24806	 мочь только подмигивать товарищ пытка дескать держаться все там быть 
24806	 свидетель возможно один палач рассказывать его смерть свой друг следующий абдулла ханга живой засовывать мешок после пытка привязывать мешок камень 
24806	 иногда для доказательство сам факт пытка бывать достаточно серия косвенный доказательство 
24806	 ведь всего три год проходить день смерть сталин этот слово быть синоним пытка расстрел исчезновение навсегда 
24806	 прерывать потому что иначе все мочь превращаться пытка 
24806	 братский гэс печататься лишь исторический инерция долгий время мочь оставаться один последний библиотечный источник для молодежь чтобы узнавать хотя часть правда время террор пытка 
24806	 век законодательство многий страна вводить судопроизводство пытка 
24806	 теория тот время пытка предназначаться для высвобождение истина 
24806	 середина столетие русь применяться изуверский пытка хорошо известный западный европа такой 
24806	 еще узнавать что отец она никогда получать удовольствие половой сношение для она супружеский обязанность который превращаться пытка 
24806	 теперь это для становиться настоящий пытка 
24806	 джекки казаться что она внутри сейчас что-то оборваться рухнуть тогда она решать прекращать пытка доставать сигарета курить она начинать 
24806	 третий сутки додонов расковывать заставлять смывать себя кровь тщательно прибирать комната пытка 
24806	 помимо некоторый отчуждение который осознавать лишь гораздо поздно настоящий пытка особенно первый время становиться для 
24806	 иметься вид только самоорганизация человек свой интеллект при помощь тот или иной знаковый система тот случай когда знак вторгаться сфера первичный сигнализация человек заговаривать слово зубной боль действовать сам себя при помощь слово переносить страдание или физический пытка 
24806	 крайний мера дневной просмотр курортный город быть много народ реакция острый непривычный ситуация отрезать голова пытка полыхать огонь москва почти адекватный 
24806	 после этот разговор жизнь превращаться пытка видеть как страдать алеша 
24806	 быть свет пытка который бояться много чем 
24806	 задний число можно доказывать что угодно непосредственно это быть прямой выход наружу какой-то преисподняя сила упоение донос ради донос пытка ради 
24806	 этот медленный пытка отлично написать василий шукшин 
24806	 или другой орловский каторжный централ просачиваться мольба заключенный помощь там применяться пытка 
24806	 сейчас они просто разговаривать два человек случайно встречаться мрачный лес страх страдание где вместо дерево орудие пытка вместо река желобок для сток 
24806	 баллада весь подробность перечислять пытка который быть подвергать юный граф 
24806	 договариваться один насчет дерево пытка 
24806	 она уже смиряться собственный судьба внутренне надеяться угадывать что именно хотеть она услышать грозный боярин угадывать весь сделать для чтобы убивать она без пытка мучительно медленный казнь 
24806	 пытка этот вынести дышать смочь 
24806	 совершенно уже ничто понимать сдирать она одежда представлять чем это кончаться зачем это делать для что подвергать этот пытка она себя 
24806	 рот пересыхать нога ватный жить хотеться что это пытка она должный быть сейчас рядом 
24806	 общий газета последний время опубликовывать несколько материал грубый нарушение право человек мордовия саранский милиция пытка умирать человек генпрокуратура признавать 
24806	 близко средний тетрадка уже трудно скрывать свой недовольство тирания кнут пытка бестолковость спешный царский указ 
24806	 жечь огонь едва уста проникать пьющий пламень подавлять крик славословить бешено средь пытка 
24806	 или мочь быть знать что пытка каждый секунда ощущать себя жить 
24806	 вытерпеть тогда перегуд сила больше выносить этот пытка 
24806	 при это религиозный изувер подробно разрабатывать порядок допрос способ пытка чтобы добиваться несчастный попадать 
24806	 братский гэс печататься лишь исторический инерция долгий время мочь оставаться один последний библиотечный источник для молодежь чтобы узнавать хотя часть правда время террор пытка 
24806	 весь это накладываться такой понятный даже отдаленный потомок страх темница пытка эшафот кивнуть люсин все-таки 
24806	 это достаточный повод для применение пытка 
24806	 заговор раскрывать все смочь устаивать перед пытка тирадентис дрогнуть вынести 
24806	 кончик нерв истерзать пытка всеобщий козлотуризация отключаться почти ощутимо 
24806	 сейчас широко известно только слепо глухой это замечать или делать вид что замечать что сформировываться страна режим первый очередь сам сталин его близкий приближенный ответственный чудовищный преступление иметь равный история гибель миллион человек пытка смертельный организованный голод 
24806	 так вот земля будто посылаться душа наказание проступок мучение пытка 
24806	 все огромный пространство наш страна редакция весь газета книга журнал всегда повиноваться дирижерский палочка стоять пульт дирижер допускать или допускать свой страница или другой сообщение например беззаконный арест пытка быть один 
24806	 при помощь пытка опричник его человек узнавать 
24806	 это быть восприятие мужчина женщина который приходиться более стыдиться себя поскольку они преодолевать чувство вина они научаться отождествлять себя лжеотца создавать освенцим вьетнам камера пытка весь мирской церковный охранка 
24806	 как там быть тот пятница быть пятница пытка весь сидеть 
24806	 почему город все это казаться нормальный этот дьявольский пытка это издевательство 
24806	 доводить сумасшествие свой пытка другой человек терять 
24806	 бояться унижение который приходиться подвергаться время сеанс бояться пытка который быть подвергать его мужской 
24806	 это говорить мученик первый век христианство это слово который они произносить свидетельствовать что бог христос они дорогой жизнь этот слово они себя предавать поругание пытка смерть 
24806	 историк вспоминать также многое как хорошо известный никогда произноситься что при петр тайный канцелярия день ночь работать преображенский пытка казнь служить средство наш 
24806	 сова для утренний подъем настоящий пытка делать зарядка посоветовать лада удивляться 
24806	 какой-то садистский пытка погибать соглашаться погибать 
24806	 локкарт теперь понимать что левый эсер ждать тот участь который выпадать они правый собрат что впереди убийство пытка который сейчас можно только 
24806	 желать тот вечер побеседовать музыка кой что расспрашивать данилов сидеть такой будто являться муравлев пытка теперь приходить себя 
24806	 тихий волна понести сапожников закачаться первый раз этот лютый год потому что становиться смысл сопротивляться потому что первый раз должный быть перед кто-то хранить навязнуть облик хранить даже тогда когда весь облик быть разбивать продавать четыре год длиться этот метель этот пытка когда сдирать панцирь 
24806	 сам себя этот облако быть уже лагорио пытка память 
24806	 иначе пытка доверие добро доводить 
24806	 страшный побои пытка быть для волынский злобный торжество 
24806	 она доска выходить всегда быть пытка мочь она выносить чтобы 
24806	 это для самолюбивый егорший быть плохой всякий наказание всякий пытка 
24806	 предусматриваться гарантия гуманный обращение человек запрещаться физический психический пытка допускаться коллективный наказание репрессия 
24806	 нет поистине мастер выдумывать себя новый пытка 
24806	 фильм никто коробить убийство пытка человек зритель протестовать если 
24806	 потому что самый дело злобность пытка 
24806	 если рано контрразведка соблюдать хотя формальный законность теперь человек хватать без разбор любой подозрение застенок применяться самый изощренный пытка многий видеть метаться город 
24806	 ведь дискутироваться открывать журнал дзержинский еженедельник вчк допустимость самый настоящий физический пытка точка зрение революционный марксизм 
24806	 один человек видеть чтобы время этот процедура слеза град глаз сыпаться веселый быть пытка кто смотреть тот смеяться 
24806	 набор старинный европа для любознательный посетитель узкий квартал древний пивной обязательно всюду как необходимый часть милый старина орудие пытка каменный темница поэтический легенда 
24806	 смотреть фильм меньший пытка чем тот что показывать 
24806	 все быть уморить укачивать казаться этот пытка нудность гигантский количество слово 
24806	 из-за они чтение тогдашний научный книга для русский человек становиться пытка 
24806	 его метод форма работа основываться уничтожение человек расстрел пытка вымогательство признание несуществующий преступление 
24806	 перед весь человечество весь человечество подвергать себя чудовищный опыт мучиться глаз весь мир сохранять верность наш пытка конец неужели для 
24806	 хорошо быть конечно вызывать звездолет активный действие если пытка заставлять владычица землянин приказывать наносить 
24806	 пытка заставлять что-то сделать для они 
24806	 тут быть мой ошибка что понимать что набивание колодка это пытка боль 
24806	 оно соединять физический пытка нравственный унижение 
24806	 совершенно непонятно как человек ослабевать потеря кровь пытка нуждаться уход полуживой мочь 
24806	 различный мистический аксессуар клятва при свет факел загробный голос оповещать что измена дело член организация казнить весь родственник ослушник процедура испытание пытка весь это очень полезный так 
24806	 палач гестапо терпеливо усердно пытать могучий сильный способный выдерживать самый ужасный пытка который другой менее стойкий 
24806	 иоганн отчетливо сознавать что добровольно сунуть голова пасть гестапо малый неточность документ или какой-либо оплошность допускать они здесь мочь становиться для смертный приговор предварять тщательный допрос пытка 
24806	 менее советский человек погибать застенок нквд пытка казнь лагерь для 
24806	 без малый попытка маскировать цинизм жестокость сладострастный предвкушение пытка который сейчас быть подвергать жертва 
24806	 знать там этот застенок пытка сейчас почти 
24806	 хороший замысел конференция превращаться пытка 
24806	 день бунт колония копейск возле здание фсин москва проходить пикет против пытка 
24806	 наезд фабрикация спасать расплата уничтожение промышленность продажа китай нефть газ цена ниже чем для внутренний потребитель недвижимость майами лучезарный берег франция пытка задержанный разгон мирный демонстрация 
24806	 для быть пытка проходить весь двор под 
24806	 наказывать потому что суд плохой что кто-то прощать этот милиционер потому что жалоба пытка просто никто расследовать 
24806	 для человек побывать под пытка выглядеть совсем плохо 
24806	 вспоминать тоска дело исключительно для чтобы пытка оральный секс как можно быстро 
24806	 при это приказывать бить батог русский пленный который только отрекаться родина под пытка несмотря что иван 
24806	 нравиться что весь его история это смена власть способ пытка 
24806	 багаж пребывание туалет превращаться невыносимый пытка 
24806	 вспомнить советский время самый страшный пытка для автолюбитель быть процедура снятие 
24806	 тот кто устраивать пытка невостребованность подозревать какой 
24806	 нет милый вовсе против общий дело нет только пусть этот общий великий дело каждый сам себя творить без кровь без пытка без чтобы винтовка 
24806	 это обязательный немочь должно быть владимир шар презирать литературный ухищрение натягивать оригинальный историософский трактат затрапезный романный рубище только для чтобы испытывать несмешной абсурд какой дескать лицо становиться читать про как гпу разыскивать богородица намереваться пытка заставлять она докладывать христос для 
24806	 при это госдума отказываться рассматривать законопроект ответственность пытка этот понятие вообще отсутствовать 
24806	 они отдавать отчет что крест это символ древо змий орудие пытка который умирать знаменитый религиозный 
24806	 несколько раз неделя это быть пытка лишение сон отец допытываться 
24806	 арестованный рассказывать что следственный эксперимент они зверски избивать сотрудник рубоп потом передавать родственник исчезать бандит дваливать какушадзе для продолжение садистский пытка 
24806	 два день путешествовать терять сознание духота употреблять выражение самый слабый который быть камера пытка 
24806	 помимо пытка появляться такой элемент инквизиционный процесс 
24806	 для выяснение обстоятельство дело обвиняемый мочь применяться пытка 
24806	 она быть набелить лицо маска длинноволосый парик статичный декорация вполне годиться для оформление китайский ресторан яркий краска сказочный китайский придворный оттенять реалистический серость простой китайский народ щадить натурализм для угнетение народ использоваться несколько хлыстов жестокий пытка который глаз все 
24806	 нет это быть время особый совещание тройка побои пытка застенок 
24806	 она начинаться раскол который последовать пытка каторга для старовер ответный 
24806	 через какой-то никто ведомый время пытка боль повторяться 
24806	 теперь думать угрожать наоборот униженно просить молить убеждать что для весь жить жить первый последний жизнь земля мучение человек ждать один один мечтать чтобы пытка наконец кончаться каждый быть 
24806	 колесо который декорировать сервантес сцена для свой представление дон кихот представать колесо история превращаться орудие пытка который тюремный сброд распинать 
24806	 любой кодекс распадаться прах уже после начальный стадия пытка который заключенный кличка 
24806	 смочь для любой неволя пытка сразу начинать рваться прочь 
24806	 какой-то новый дант проникать увидеть новый пытка для грешник 
24806	 скоро все стыдиться татьяна полагать это быть настоящий пытка для его самолюбие 
24806	 вдоволь наизучаться здешний чужой лужа чужой голубятня чужой забор также неуютный подъезд дурацкий козырек все-таки решаться посмотреть страшный дом пытка который колупаев так 
24806	 тесный школьный парта для апофеозовец организатор голосование поставлять президиумный стол который сереть сухогорлый классический графин больно давить коленка что-то напоминать средневековый колодка который преступник выставлять площадь для удовольствие толпа марина стоить невероятный усилие воля выбираться этот орудие пытка проходить туалет 
24806	 девяностолетний старик молодой дипломированный террорист учебный лагерь после долгий пытка зарезать ножницы для стрижка овца 
24806	 без малый корысть малый надежда спасение пытка каторга казнь 
24806	 это бесчеловечный так тянуть это пытка садизм какой-то 
24806	 отдавать они папа все что они требовать иначе наш жизнь превращаться пытка 
24806	 пример что турция отличие россия облагораживать человечество тысяча лишний год изящный литература другой шедевр искусство известный мир лишь благодаря бесконечный война османский империя резня армения изощренный пытка турецкий баня изобретать кстати 
24806	 брать особенно нечего вот вставать каждый раз чтобы открывать дверь это для настоящий пытка 
24806	 вот например сидеть тот самый комната где сто год назад сидеть степан иванович шешковский начальник тайный экспедиция производить здесь пытка арестованный 
24806	 год пять назад пресс-конференция быть для просто пытка 
24806	 что мешать артем подвергать серго такой изощренный пытка что тот выдерживать 
24806	 какой ишак сказать что попытка пытка 
24806	 обычно плоский пришлеп шажок делаться весомый мерный так что какой-то обособленный частица сознание невольно приниматься они считать пытка достигать цифра двести или триста 
24806	 это быть настоящий пытка трястись жесткий фургон 
24806	 второй ночь пытка быть продолжать утро 
24806	 или это все-таки они деморализовать пытка который себя сметь 
24806	 так мой платонический любовь быть подвергать тяжелый пытка как какой-нибудь несговорчивый партизанка 
24806	 как известно они подвергать мужчина изощренный пытка бесстрастно отмечать принц 
24806	 завертеться дело следствие пытка туманный утро 
24806	 тишина становиться для визитер невыносимый превращаться настоящий пытка 
24806	 для крест связывать только тайна наш спасение тот время крест быть просто как страшный употреблять такой слово орудие пытка смерть 
24806	 лишь спустя много время уже после ваш разрыв твой теперь уже бывший муж вырываться порыв хмельной откровенность какой это оказываться пытка быть зять генеральный директор 
24806	 наш день доходить мученический акт где подробно скрупулезно записывать кто что говорить описывать весь мучение который подвергать христианин какой применяться пытка 
24806	 рядом алихан мой брат нисколько смущенный предстоящий педагогический пытка 
24806	 каждый год писать сочинять весь большой пытка 
24806	 можно пылко восхищаться прогресс слушатель только хмыкать вспомнить пытка где-нибудь чили 
24806	 может потому что устаревать сам слово пытка 
24806	 идти шагать москва это быть страшный пытка измученный шпион хотеть уснуть 
24806	 для лиза быть пытка мука мученский идти задичалый 
24806	 сей час мочь понимать почему капитан гастелло таранить наземный цель почему александр матросов грудь закрывать амбразура вражеский дот почему пытка фашистский варвар заставлять заговаривать 
24806	 потому что бояться пытка или концлагерь потому 
24806	 почему появляться этот палач охотник пытка 
24806	 верно сказать год так если этот год для применение пытка требоваться какой-то оформление разрешение для 
24806	 хотеть допускать тот нравственный пытка который угощать 
24806	 спор это быть много большинство считать что пытка весь нет время изменяться 
24806	 так оно быть самый дело помнить пытка тот время какой ваш 
24806	 сидеть весь состав правительство татария при допрос теперь разрешать физический пытка иркутск тоже сидеть весь 
24806	 описывать третий книга свой трактат устройство вникать весь подробность мучение который подвергаться грешник гонорий забывать подчеркивать что избранник рай быть наблюдать этот пытка страдание сие сделать для 
24806	 поэтому запрет пытка который существовать 
24806	 для неподготовленный слушатель классический музыка вполне мочь некоторый случай даже превращаться невыносимый пытка как пример для подавлять 
24806	 даже поездка школа для ребенок инвалид часто превращаться пытка 
24806	 без пытка без мучительство без угроза стереть 
24806	 представлять какой это страшный пытка жить когда весь мир 
24806	 находиться музей мдинь древний столица мальта который мало кто жить средневековый безлюдный улочка спуск музейный подвал вот они висельник человек без голова дыба щипчики для выдирание ноготь тиски для сдавливание череп орудие пытка исключительно родной средневековый персонаж восковой 
24806	 это быть пытка все переживать самый начало 
24806	 для честолюбивый тщеславный раздражительный завистливый адамс его должность становиться восьмилетний пытка 
24806	 пантеон святой христианство погибать первый век нет никакой автор идея или мыслитель там только человек знаменитый что сам подзадоривать палач изыскивать себя изощренный пытка казнь 
24806	 известие который приходить тот темница извне быть точно такой какой слышать день большевицкий богоборчество храм рушиться богослужебный книга сжигаться священник предаваться казнь пытка 
24806	 мочь плохо пытка издевательство какой-то спас нет 
24806	 бесцельный сидение перед аппарат быть страшно самый изощренный пытка 
24806	 работа лесоповал где малый непослушание наказываться особый пытка стоять голый пенек под 
24806	 для домашние мой это быть пытка они кротко терпеть особенно 
24806	 штирлиц уже пятый час стоять свой это быть любимый пытка мюллер штирлиц идти длинный 
24806	 если прокурор допрашивать они это упущение прокурор человек жертва пытка должный это страдать 
24806	 какой-то момент осознавать что пытка больше выдерживать 
24806	 международный норма запрещать пытка цензура законодательный господство какой-либо определенный 
24806	 для мать этот год быть непрерывный пытка 
24806	 робот белый переговариваться оживленно видно радоваться пытка который ожидать вера 
24806	 саша выть ревность крутить хула-хуп сидеть китайский диета пытка модно взбивать волос бежать 
24806	 сам ведь придумывать для этот схема выбор предательство пытка выбор потому что давно хотеть 
24806	 успевать спрашивать асвердлов для какой цель хотеть подвергать пытка как вдруг по-видимому сильный 
24806	 потому что еще забывать как зотов объяснять она разница между любопытство любознательность любо пытство это любовь пытка любо знательность это любовь 
24806	 сила далее живописать этот пытка это быть последний раз 
24806	 это какой-то казематный пытка жизнь 
24806	 медленно заживать рана зудеть это быть нестерпимый пытка давать покой день 
24806	 полынов растерянно оглядеться схватывать стол какой-то орудие пытка похожий клещ это 
24806	 какой еще фашистский пытка как 
24806	 измученный изощренный пытка старший звание вламываться 
24806	 порываться как струна который слишком старательный натягивать какой это оказываться пытка испытание разрыв 
24806	 устрялов опубликовывать другой документ дневник комендант крепость который просто зафиксировать смерть алексей после ряд допрос под пытка без какой-либо официальный версия 
24806	 какой ужас знать свой следующий минута думать это быть пытка приговор 
24806	 газета новый русский слово год быть помещать вымышленный начало конец рассказ родион березово пытка который якобы подвергаться мейерхольд 
24806	 для следователь это быть прекрасный возможность легальный пытка абстиненция можно быть уверять 
24806	 так называть кривая экзамен реформатский вывозить никогда для студент легкомысленный неподготовленный экзамен превращаться маленький пытка сдавать покидать аудитория один счастливый 
24806	 знать сегодня только понимать какой это страшный пытка инквизитор быть когда вода 
24806	 другой больший половина дом лидия михайловна жить сам директор идти туда как пытка без природа 
24806	 какой однако нудный пытка перечитывать сам себя 
24806	 сидеть раскручивать его дело полный программа задержание подвергать пытка душить полиэтиленовый пакет игорь 
24806	 так писать свой книга пиночет политика пытка известный латиноамериканист бывший корреспондент английский 
24806	 все вы читать пытка испанский инквизиция все 
24806	 август год верховный суд чили лишать пиночет сенаторский неприкосновенность он быть возбуждать судебный преследование более обвинение похищение человек пытка убийство 
24806	 отличие расхожий мнение отчаяние умирать сам оно прекращаться физический смерть главный его пытка состоять то 
24806	 все возвышенный ждать кончаться минута молчание кто-то опять вытерпеть переполнять высокий чувство подниматься полный рост осуждать время оглашение приговор отец мухин упрямо размыкать уста так молчание превращаться уже почти каждый пытка стыд 
24806	 она опять обмякать объятие он великодушно прекращать пытка 
24806	 проходить долгий московский зима наступать весна такой невыносимый далекий страна день ночь время год она быть противоположный московский сезон доноситься вести новый расстрел арест тайный полиция убийство америка политэмигрант орландо летельер пытка английский медсестра шейла кессидеть отзываться 
24806	 надо быть вставать уходить вступаться поругать яростный гость ценность отличник урок обманывать любовник пионер продолжать завороженно внимать рассказ тюрьма арест пытка лагерь родной земля 
24806	 надо застонать будяев он собираться подвергать пытка 
24806	 суд обвиняемый один голос заявлять оговаривать себя пытка 
24806	 дагмара нравиться приводить он сюда вечер уже то приезжать отец подолгу сидеть машина играть он ласкаться отпрядывать испытывать себя прочность томно щурить колодезный темнота глаз который стоять звездочка говорить изнеможение потом весело заявлять ты знать я этот пытка хорошо спать убегать замыкать 
24806	 сейчас он вполне мочь поувечивать мизя подвергать его пытка самый его смерть 
24806	 следственный дело оставаться тот документ который играть рука следовательский версия выбивать подследственный иногда пытка физический 
24806	 ничто ограничивать произвол следователь угрожать пытка член семья мы 
24806	 неуважение интеллигенция это нынче неуважение память тысяча тысяча человек который мужественно вести себя допрос пытка оставаться честный лагерь 
24806	 корчиться стальной балка плавиться камень огонь бесноваться выжигать дотла все бывший здесь парад пытка страх надежда 
24806	 где-то он читать мочь быть слышать изощренный восточный пытка 
24806	 этот мысль приходить первый раз он голова он прочитывать речь обвинитель один московский процесс разговор пытка сказать тогда вышинский великолепный 
24806	 впервые наука право появляться понятие активный следствие спецпрокурор быть спускать шифровка пытка верить жалоба они 
24806	 каждый день расстрел убийство пытка она хотеться бежать иван 
24806	 немец что-то заподозривать мочь она подвергать пытка который развязывать язык кто 
24806	 этот женщина конфетный начинка посылать смерть свой сын спокойно смотреть он висеть забор теперь хотеть избавлять свой дочь пытка признаваться кто она приказывать убивать 
24806	 тут арестовываться андрей ксана их ребенок вера костя конечно пытка истязание они держаться стойко 
24806	 они спасать избавлять пытка мучение смерть надо 
24806	 мой они делать он привязывать стол камера пытка 
24806	 мучение несчастие горн этот мастер искушение мехи пытка преследование его молот 
24806	 описывать третий книга свой трактат устройство ад вникать весь подробность мучение который он подвергаться грешник гонорий забывать подчеркивать избранник рай быть наблюдать этот пытка страдание сие сделать 
24806	 я например страдать я пытка ты ничто 
24806	 дыра неизвестность он цепенеть пытка неизвестность старый испытывать прием оставлять 
24806	 пытка они хотеть заставлять он выдавать 
24806	 как страшный думать я погибать бомбежка неизмеримый страшно погибать рука гестапо дело пытка это быть что-то мистический 
24806	 совесть возрожденец мочь примиряться светлоумный муж смешать прочий грешник обрекать телесный пытка 
24806	 попов изобретать радио думать готовить всеобщий балаболка громкоговорящий пытка мыслящий одиночка 
24806	 попробовать попытка пытка потапов обещать давать сегодня рабочий 
24806	 изнемогать мучение страшный пытка палач акт позорный отречение 
24806	 преклонение великий послушание проходить его жизнь страх голод пытка сибирский каторга 
24806	 завтра государство признавать пытка подвергать бухарин 
24806	 он пытка показание выколачивать он сам 
24806	 тут лагерный человек хранить любовь жена мать лагерный невеста заочница который никогда видеть никогда увидеть свой заочно выбирать лагерный жених быть готовый любой пытка верность обездоливать лагерный избранник 
24806	 прикреплять земля становиться прикреплять хозяин земля потом служивый человек представлять государство войско хозяин получать право суд крепостной потом право московский пытка так она называть четыре век 
24806	 молчать что-нибудь это она пытка 
24806	 надо быть готовиться место далекий таборивать острить тюремный мрачно пытка выпаривание они ждать 
24806	 что скрывать он свой цель хотеть выпытывать сейчас михаил сидорович ужасать пытка страшно быть думать вдруг 
24806	 сила революция вступать союз страх смерть ужас пытка тоска охватывать тот кто 
24806	 слышать вы пытка подписывать следователь сказать он 
24806	 он прочитывать советский народ один один вести борьба германский фашизм возрождать средневековый процесс ведьма еврейский погром костер инквизиция застенок пытка 
24806	 заставлять честный добрый интеллигентный человек признавать себя наемный убийца то заслуживать смертный казнь позорный память можно пытка 
24806	 еще немного я пригвождать столб пытка расстреливать лук 
24806	 я мочь немедленно отправлять вы сад пытка ваш благожелатель кох 
24806	 сейчас он быть то то мало быть наблюдательный рюхин теперь пытка грузовик он впервые остро 
24806	 разговор этот трубка зуб вести компания трубочист их ведьмин хвост который прополаскивать они щель труба свешиваться их плечо низко сидение вместе остальной орудие пытка 
24806	 репертуар их песня самый несложный он никогда нельзя привыкать мочь привыкать ребенок яков дъарманьяк то приказание генрих они выдергивать каждый день один зуб мочь несмотря однообразие этот пытка 
24806	 заправский пытка что приводить гейне 
24806	 вместе то ирония все хотеть покидать перо сводить судорога палец гейне язык высовывать он свой мексиканский зверский пытка 
24806	 папизм изобретать ужасный пытка ужасный казнь человечество 
24806	 честь вы клясться понимать теперь понимать решительно я этот пытка выдерживать 
24806	 чего ты хотеть закричать я крепко сжинать ее маленький рука палец ее хрустеть она вскрикивать ее змеиный натура выдерживать этот пытка 
24806	 второй эпоха заключать себя достопамятный отношение казнь царствование императрица елисавета один сторона существовать тайный канцелярия весьма инквизиционный обряд пытка другой уничтожать быть 
24806	 жена вы приходить голова заставлять ребенок так тошнотворный подробно расписывать решение задача действие который он ум решать секунда это самый настоящий пытка гарантировать способ отвращать 
24806	 один сторона правило этот мир поведение добрый герой определяться три жесткий запрет убийство пытка зомбирование тотальный контроль 
24806	 я думать человек узнавать почему иоанн креститель молиться головной боль великомученик артемий быть пытка убивать огромный камень который 
24806	 накануне я быть передача савик шустер где обсуждаться ситуация расформировывать батальон торнадо известный пытка изнасилование так далее 
24806	 я попытаться выяснивать сдавливать щенок горло орудие пытка дора презрительно отвечать это 
24806	 ты угрожать побои пытка смерть давать бог 
24806	 что теоретически открывать широкий окно возможность обоснование исковой заявление скажем родственник жертва массовый расстрел жертва изнасилование пытка 
24806	 минувший неделя оформлять свой версия стопа лист совет федерация фонд династия нижегородский комитет пытка объявлять прекращение деятельность 
24806	 он эрудит оглядываться всемирный история писать жестокость революция казнь пытка садизм тюремщик 
24806	 она просить пить каждый глоток она пытка горло раздирать ангина 
24806	 свита самый страшный пытка я мочь рассказывать 
24806	 звать андреа фамилия спрашивать я она пытка вспомнить что-то шипеть длинный 
24806	 причинять я господь довольно обтекаемый реестр пытка тот вряд 
24806	 долго он вить этот нить когда-нибудь все кончаться штука быть то выдавать крошка бесполезный они правда самый нестерпимый мгновение пытка когда еще хотеться оставаться 
24806	 испанец гарридо написать древний патологоанатом триллер расследование пытка предательство секс охота 
24806	 черт раскалять сковородка нет мука пытка слово окружать местность поражать 
24806	 они меняться пить чай звонить домой флиртовать медичка который вызывать человек пытка терять сознание 
24806	 шофер перевозить арестованный уборщица замывать пол пытка начальник железный дорога направлять товарняк 
24806	 вы знать сказать я он вы работать настоящий гестаповец мастер пытка его все бояться бомж 
24806	 вечер она становиться делиться свой любовный переживание пытка время инквизиция хромой 
24806	 два месяц этот центр пытка умирать мой друг который 
24806	 каримов позиционировать нынешний узбекистан его коррупция пытка авторитаризм демократический правовой государство 
24806	 пытка обвиняемый называть качество сообщник 
24806	 я это пытка постоянно держать круговой оборона 
24806	 причина предательство мочь становиться соблазн например невыносимый пытка 
24806	 история наш страна время правление сталин знать множество пример очень достойный человек пытка подтверждать все 
24806	 столб отвечать я это казаться такой древний пытка вода где находиться столб 
24806	 режиссер писать униженный письмо глава госбезопасность генрих ягода просьба помилование родственник получать рука обезображивать пытка тело 
24806	 мейн хаус муж ле шиффр фильм казино рояль актер мадс миккельсен цитата пытка вовсе обязывать быть изощренный 
24806	 год начальство подвергать ее настоящий пытка отправлять младший школа 
24806	 интересно сталин требовать максимальный разработка версия международный характер заговор давать личный указание следователь мгб активно применять работа подследственный пытка 
24806	 склон сплошь порастать древовидный кактус прямой свеча их кривой боковой побег похожий изувечивать палец раб терпеть пытка 
24806	 суббота быть москва другой мероприятие серия одиночный пикет мирный прогулка пытка похищение 
24806	 отставка он уходить еще сентябрь публикация видео тюремный пытка 
24806	 начинаться техно я показываться голова мой прилаживать насос воздух качать туда тот еще быть пытка прочее оттуда 
24806	 день бунт колония копейск здание фсин москва проходить пикет пытка 
24806	 возможно петр леонидович догадываться пытка ландау мочь выколачивать любой 
24806	 третий день общение они я почувствовать сурский тот кто я ждать свой маленький увлечение самый го класс начинаться мой новый пытка чувствовать себя андрей виноватый 
24806	 я кажется наделать глупость посылать он роза письмо мочь больше выдерживать этот пытка вчера гадать решето 
24806	 итальянский гиперреалистический хоррор тип ад каннибал городской легенда снаффа видеозапись реальный убийство пытка изнасилование садомазохистский комикс хидеш 
24806	 допрос иметь цель добиваться признание японский власть связь советский разведка что создаваться исключительно тяжелый рассчитать моральный надлом человек обстановка применяться различный род угроза мера физический воздействие быть пытка 
24806	 роль солдат манчжоу го блеск исполнять советский гражданин китаец поднатореть год гражданский война пытка убийство 
24806	 это весь пытка позади можно наконец 
24806	 наш уровень агрессия уже уменьшать беспорядок увеличивать они пытка полиция ненависть 
24806	 сажать нужно наверное часто многий преступник уходить наказание тюремный срок нетяжкий преступление должный быть отменять уменьшать оправдывать пытка непомерный срок война экономический 
24806	 где-то здесь коломенское располагаться по-видимому библиотека тиран либерия он она называть изувер прочь быть почитать досуг любимый развлечение царь батюшка оставаться пытка 
24806	 он бояться смерть он бояться пытка думать он 
24806	 выбивать пытка признание объявляться царица доказательство 
24806	 тот случай пытка срабатывать судья вполне мочь 
24806	 прямой вопрос выстрел лоб пытка анжела снова валиться постель 
24806	 каждый секунда медленный капля темечко средневековый пытка черт это 
24806	 конец она научаться книжка читать сидя этот самый шпагат м пытка какой-то слышать вы 
24806	 слышать вы сан иваныч средневековый пытка рассказывать 
24806	 история герострат древнегреческий город эфес малый азия территория современный турция яркий пример тщетность административный запрет герострат сжигать храм артемида один семь чудо свет древний мир сжигать умышленно знать обрекать этот преступление подвергаться лютый казнь изощренный пытка сжигать его имя обретать 
24806	 тот пытка много наболтать что 
24806	 так бывать пытка весь врать человек 
24806	 любой страна европа я подвергать китайский пытка теснота бессонница засовывать восемь 
24806	 парк трамвай убогий зрелище дышать выхлоп пытка мы долгоозерный 
24806	 синодик опальный указывать умирать тюрьма пытка например там победитель татарин 
24806	 почему рассматривать его личный качество который послужить почва реализация такой исторически зафиксировать факт любовь наблюдение казнь пытка личный 
24806	 население облагаться непосильный налог взимание который иван грозный применять пытка казнь 
24806	 наезд фабрикация спасать расплата уничтожение промышленность продажа китай нефть газ цена ниже внутренний потребитель недвижимость майами лучезарный берег франция пытка задержанный разгон мирный демонстрация 
24806	 десяток тысяча мирный житель проходить концентрационный лагерь который минимальный данные быть умерщвлять голод холод непомерный рабский труд пытка издевательство расстреливать 
24806	 княгинин алексей вы багаев бессовестный выдергивать цитата этот животное который подвергать пытка жестокий обращение каждый пленный 
24806	 мужчина обращаться комитет пытка его слово февраль 
24806	 я быть пытка проходить весь двор 
24806	 я доносить брат доносить они закинуть багажник избивать использовать такой пытка 
24806	 сходить берег юноша небогатый пожитки вынести чертеж свой изобретение попытка пытка честолюбивый сэм останавливаться 
24806	 надо сразу сказать такой эксцесс жестокий обращение пытка правоохранительный орган они происходить 
24806	 мы пытка расследоваться виновный ответственность 
24806	 мы пытка расследоваться виновный ответственность 
24806	 поэтому запрет пытка который мы существовать 
24806	 наказывать потому суд мы плохой кто-то прощать этот милиционер потому жалоба пытка никто расследовать 
24806	 избиение пытка электроток рука нога 
24806	 каслер слепящий мгла следователь рассказывать герой целый ряд пытка возникать рутинный 
24806	 случайно бурный рост психологический служба начинаться мы время чеченский кампания почему наш общество мириться пытка сейчас кто-то быть стрелять 
24806	 говориться гражданский контроль полиция надо говорить то полицейский подходить вежливо подсказывать я вы идти й дом й пытка 
24806	 то россия быть пытка весь как знать 
24806	 то россия быть пытка весь как знать 
24806	 юридически пытка мы отменять еще екатерина 
24806	 пытка применяться почти каждый задержание 
24806	 быть негласный разрешение пытка этот дело 
24806	 никто это стесняться палач регулярно снимать пытка видео они кочевать 
24806	 понятно условие война пытка неизбежный несмотря какой 
24806	 большой счет болезнь помогать пытка решать проблема терроризм я вы 
24806	 алексей яковлев жена итальянец довезти водный центр они ждать самый страшный испытание точно пытка 
24806	 я думать сомневаться это самый тяжелый пытка воин 
24806	 неподготовленный слушатель классический музыка вполне мочь некоторый случай превращаться невыносимый пытка пример подавлять 
24806	 это настоящий пытка потому ты 
24806	 последний этап процесс сводиться попытка добиваться бруно отречение они использовать весь средство прение богослов пытка 
24806	 туфля неимоверно жать испанский сапог средневековый орудие пытка испанский инквизиция 
24806	 образ валерий портить еще кроссовок жар берец превращаться пытка испанский сапог 
24806	 христофор рассказывать христос потрясать каллиникия акилина поклясться завязывать греховный жизнь принимать святой крещение их ждать мучительный смерть пытка деция надоедать успех псоглавец проповедник 
24806	 смерть пытка а труп еще быть дергаться 
24806	 кирилл казаться его сам выгибать корчить пытка 
24806	 как оклематься надо повторять так бить сдавать автобус пытка напоминать пробормотать валерий ты 
24806	 житель хотеть уходить они сжигать вместе скит расколоучитель рвать пытка поле вытаптывать 
24806	 я попытаться выяснивать сдавливать щенок горло орудие пытка дора презрительно отвечать это 
24806	 ты угрожать побои пытка смерть давать бог 
24806	 тиара сикст стоять сторона левый угол холст орудие пытка варвара один ее атрибут 
24806	 ингушетия начинаться суд назир гулиев илез нальгиев милицейский начальник который обвинять бесчеловечный пытка задержанный 
24806	 боткинский он хорошо лечить туда он приезжать инвалидный коляска это четыре месяц пласт пролеживать больница назрань грозный пять день нечеловеческий пытка 
24806	 шесть месяц ходатайство следователь который вести дело пытка сделать судмедэкспертиза 
24806	 выходить свобода он давать показание оговаривать зелим пытка 
24806	 жалость феодосия она освобождать она надобность соблазнять охранник арестованный истома зрелище истомина казнь старушка смерть пытка арест финал 
24806	 так совсем понятный сарказм попытка пытка стараться 
24806	 настя несколько случай заключать протестовать пытка вскрывать себя вена рука 
24806	 настя человек выходить такой пытка здоровый план здоровье 
24806	 евгений тамошний хозяин скоро все давать разрешение попыткан пытка пробовать ехать быть шибко 
24806	 они перерыть святой город допрашивать его житель подвергать их жестокий пытка разузнавать где скрывать знаменитый 
24806	 проходить чуть далеко можно узнавать рука вивисектор кровь животное раб человек вообще хватить получать зарплата пытка 
24806	 помниться бабий причитание шешковский который самолично провожать подвергать пытка дверь пытаться помогать 
24806	 многое забываться сам фомин почти забываться умирать пытка княжнин давно напитываться влага 
24806	 девица заведение часто меняться также привлекать клиент пытка телесный офицер купец вал 
24806	 опять они поле выгонять долбать этот ямка опять проклинать все хотеться заканчиваться быть становиться этот ветер мертвый земля лютый белый полыхнуть останавливаться глаз смертный стужа радость пробуждение этот жизнь пытка 
24806	 она давать умирать пытка давать умирать я согласный 
24806	 он отказываться осуждать июньский демонстрация протест выступать жесткий критика власть который его слово проводить показательный судебный процесс сталинский помощь средневековый пытка пытаться выбивать обвиняемый признательный 
24806	 убивать ким ир сено жена вкус цвет говориться я албанский попс самый отвратный пытка мир автобус приштина 
24806	 год феодосия морозова ее сестра княгиня евдокия урусов пытка дыба бросать земляной 
24806	 потом острый боль весь тело приводить себя опять начинаться борьба сам себя кто придумывать этот ужасный пытка конец мой нога как 
24806	 он наверняка заявлять отказ пытка летать тюрьма то подобный 
24806	 глебов прикрывать свой единомышленник спасать жизнь евдокия страшный пытка что виниться 
24806	 мы ничто мы железо жгет пытка пытать 
24806	 глянуть он пытка едва нога держаться 
24806	 одиночество кто поделиться наболевший сродни изощренный средневековый пытка особенно вынимать душа проклятый 
24806	 стоять отвертываться стена он поставлять угол себя жертвовать пытка претерпевать значит плохо пытать желчно 
24806	 говаривать любимый вождь страна бесплатный совет попытка пытка 
24806	 ты пятнадцать год арестовывать обвинение шпионаж троцкизм ты невысокий ссутулиться скупиться экий дылда седой профессорский бородка строгий человек становиться староста камера выдерживать все пытка быть защищаться научно избегать оговор 
24806	 панический атака продолжаться несколько минута этот время человек переживать такой ужас некоторый несчастный умудряться прыгнуть поезд двухсотый этаж прекращать пытка 
24806	 ученый неминуемо ждать судьба итальянский философ джордано бруно который говорить бесконечный множество мир вселенная несколько год пытка святой инквизиция заживо сжигать он 
24806	 христианка она подвергать жестокий пытка обезглавливать 
24806	 все прочее усаживание кол утопление пытка сожжение двоечник обсуждать дисциплина 
24806	 знать слово страшно вызывать они освобождать мальчик вдруг испугаться то сделать действительно совсем затихать бессилие невыносимый жестокость этот пытка 
24806	 он нельзя она жалеть он жестокий он поливать ее ледяной вода душ успевать поймать себя мысль испытывать свой жертва жалость сострадание этот санитар медвытрезвитель получать удовольствие садист бедный врачиха она быть он куда добрый она он спасать спасать этот пытка саша сашенька нет молчать 
24806	 человек побывать пытка я выглядеть совсем плохо 
24806	 где-то наружность подвергать допрос пристрастие можно сказать пытка потому б п это 
24806	 человек похищать подвергать допрос пытка понятный дело он становиться сопротивляться 
24806	 я признавать хороший альтернативный сам себя приятный почему это влечь себя пытка вид словоблудие тема 
24806	 двое кордовер такой марран интересный брат близнец фигурировать список инквизиция сжигать оба следствие страшный пытка тысяча семьсот 
24806	 мучитель сон обрушиваться он весь свой невыразимый тягучий пытка 
24806	 вспоминать тоска дело то пытка оральный секс можно быстро 
24806	 начинаться первый схватка начинаться пытка звук 
24806	 итог проявление становиться то пытка он подвергать новый допрос 
24806	 это его злоключение кончаться он устраивать пытка 
24806	 следователь счесть калдай имеетец помешателство ум прекращать пытка 
24806	 шпионаж подозревать незадачливый переводчик что он выдумывать история плен зачем подводить пытка безвинный бродяга волох 
24806	 они передаваться право шатость измена всякий человек роспрашивати они всякий сыск сыскивать кто что доходить пытка тот велетать пытати 
24806	 он еще раз должный быть подтверждать свой донос пытка 
24806	 уговаривать себя быть благодарный он выходить каждый его прикосновение чуть тошнить семья быть пытка какой-то момент я 
24806	 остап выносить терзание пытка исполин 
24806	 он отказываться осуждать июньский демонстрация протест выступать жесткий критика власть который его слово проводить показательный судебный процесс сталинский помощь средневековый пытка пытаться выбивать обвиняемый признательный 
24806	 каунасский представительство нечистый сила сегодня самый большой мир ворота арестант он музей пытка гааг 
24806	 находиться музей мдинь древний столица мальта который мало кто жить средневековый безлюдный улочка спуск музейный подвал они висельник человек голова дыба щипчики выдирание ноготь тиски сдавливание череп орудие пытка исключительно родной средневековый персонаж восковой 
24806	 отображать реальный исторический событие например пожар лондон год камера инструмент средневековый пытка 
24806	 страшный пытка расстреливать вознесенский кузнецов 
24806	 берия отменять пытка допрос ликвидировать специальный помещение 
24806	 сей пора спорный момент он показывать орудие пытка применять неизвестно 
24806	 книга этот действовать я пытка камень приваливать грудь 
24806	 просто уничтожать достойный человек память оставаться ее никакой пытка искоренять 
24806	 такой стойкость ян гус он презирать пытка смерть отстаивать свой концепция 
24806	 я быть заключать пятьдесят различный тюрьма семь раз я подвергать самый жестокий пытка писать впоследствии кампанелла 
24806	 час считать я мертвый прекращать пытка 
24806	 проходить чудовищный пытка разочаровываться свой сторонник кампанелла 
24806	 сей пора доподлинно неизвестно вестись допрос пристрастие быть применение пытка 
24806	 немногие суметь бежать быть предавать огонь изображение один иудействовать монахиня усугублять свой преступление то время пытка эскалер посметь умирать притаскивать 
24806	 все вместе модернизировать танталов пытка видеть око зуб нейметь 
24806	 девочка всаживать всаживать я мозги этот урод камержицкий по-видимому наслаждаться главный я пытка невозможность помогать 
24806	 там скамейка самый периферия мой зрение что-то мелькать мелькать мелькать мелькать вверх-вниз что-то продолжать производить мелкий крысиный быстрый страшный пытка поступательный движение 
24806	 двое сутки пытка слегка потеплеть потом повалить 
24806	 кто-то кончать себя ужас сказочный пытка госбезопасность лев шнирельман 
24806	 заявление похищение фигурировать пытка избиение лишение пища сон 
24806	 он похищать участвовать пытка заниматься разработка клиент 
24806	 начинаться смута кончаться смута гражданский война восстание крестьянин казак поход крым восставать рубить мелочь боярин лекарь пытка признаваться отравление царь 
24806	 разбор вещь нина становиться она страшный пытка 
24806	 быдло знать пытка они запытать бить слабый 
24806	 быть палач садист начинать шить невинный подросток дело ребячий игра война сильно мучить допрос давать спать пытка ничто нет ссылать год 
24806	 потом оставаться родитель пытка исчезать он казаться он 
24806	 вера партия чистота она то я подвергаться пытка оскорбление один час 
24806	 вано микоян нина сказать жизнь она быть пытка 
24806	 зачем делать жизнь хрен знать кто мы соскребывать все отражаться человеческий сердце подсчитывать численный перевес свидетельство любой пытка лживый что-нибудь 
24806	 дюкова доставлять в скопин розыск пытка он заявлять той жонка 
24806	 последний доступный мы известие он датировать август год это запись журнал тайный контора оный дюков следуетец розыск быть он ждать еще два пытка 
24806	 реалити-шоу где большой деньги можно купить реально снимать убийство реально снимать пытка дело вкус 
24806	 как везти девочка который выживать его пытка 
24806	 опять то говорить вы нечто католичный усматриваться ересь вы вправду свой дух отравлять конечно весьма похвально нынешний безумный время раз этот всуе поминать инквизитор быть дивный привычка бороть чужой заблуждение любовь милостивый снисхождение заблудший душа вполне ощутимый огонек квалифицированный пытка подобный то изобретение лукавый 
24806	 я сын вера вера молчание пытка песня расстрел 
24806	 там вы идти речь этот пытка 
24806	 примечательно недавний фильм роберт ниро ложный искушение посвящать первый год существование цру история носенко заканчиваться трагически выдерживать пытка он выбрасываться окно 
24806	 логика этот арест произвольный донос признание пытка любой информация так 
24806	 принародный лишать жизнь потенциальный наследник престол означать подорвать престиж монархия такой оборот событие быть царь выгодный поэтому петр поступать более изощренно он приказывать запытать сын фактически алексей убивать постоянный пытка прочий узник предусматриваться 
24806	 прочий узник предусматриваться перерыв истязание затягиваться рана алексей такой давать назначать максимально возможный здоровье человек наказание пытка удар 
24806	 ты сам человек убивать пытка 
24806	 тогда приходиться вместе он искать этот чемодан значит опять допрос пытка опасность мака что 
24806	 вообще-то ксива исходить мент большой доверие вызывать сам состряпать человек написать пытка вырываться 
24806	 любой вы подобный пытка сознаваться убийство тутанхамон 
24806	 наш читатель колесов оклеветать себя чудовищный пытка 
24806	 читальня погибать я оставаться наедине свой истинный нутро это нутро желать умирать бой пытка заранее соглашаться весь условие 
24806	 настолько расходиться наш жизнь сознавать это становиться пытка 
24806	 еще ждать пытка я кончать она семидесятый 
24806	 некий стрелецкий женка ненила пытка выдавать остров 
24806	 авраамий пытка отступаться свой вера 
24806	 схватывать разбойник человек желать говорить где он прятать деньги плотник брезговать пытка огонь жечь старуха 
24806	 самый новый я представляться быть сказать этот область наш великий экономист теоретик кондратьев который погибать сталинский тюрьма долгий год пытка мучение 
24806	 быть сейчас касаться тот время он знать то вы сказать потом он действительно быть весьма независимый остроумный человек предпочитать политический тема обсуждать разговор близкий друг это быть его трагический история он сломать ребро пытка 
24806	 сам себя риторический структура весь его метание раз это заниматься обращаться он сам пытка дознание кто ты 
24806	 игуана похоже умирать весь мастерство вивисектор быть недостаточно заставлять она выдерживать подобный пытка 
24806	 вполне определенный семантический нагрузка нести этот план такой выразительный деталь посох жезл царь баллада толстой василий шибанов князь михайло репнина царский жезл символ власть превращаться орудие пытка убийство 
24806	 лейла наморщивать нос кто-то покупать пытка джош цокнуть язык 
24806	 еще четыре день рассматривать специально подготовить выписка канцелярия принимать решение подвергать попцова пытка 
24806	 уже октябрь москва уходить высокий послание указание егор пашков замещать необходимость генерал-прокурор дело следственный канцелярия также разрешение применять нестеров пытка 
24806	 то менее заподозривать нестеров недостаточный искренность пашков ноябрь вновь распоряжаться подвергать его пытка 
24806	 весь этот пытка новый завет вынести иисус 
24806	 он случайно сделать пауза выжидать завершаться допрос пытка 
24806	 февраль застенок пытка он все повиниться 
24806	 он это повторять март привод застенок быть спрашиван пристрастие розыскиван являться жестоко больной апрель второй пытка 
24806	 поздно он рассказывать реальный биография пытка утверждать царевич называться 
24806	 это он приказывать бить батог русский пленный который отрекаться родина пытка несмотря то иван 
24806	 я опасаться пытка что данный случай я 
24806	 бумага компрометировать французский правительство он оказываться угроза пытка маттеоль признаваться отдавать они 
24806	 я представлять себя какой пытка он там приготавливать кость 
24806	 также он устраивать молодежный кружок собрание который объяснять учение христов филарет пытка год 
24806	 я снова сказать он владыка я выдерживать пытка пуля думать смочь принимать 
24806	 весь помощь самый усовершенствованный модерный техника позволять выслеживать поймать уничтожать надо пытка вырывать нужный признание 
24806	 он спрашивать откуда они безглазый пытка выдавать он безногий некогда бывший 
24806	 недаром америка предупреждать надо якшаться коммунист они сейчас носить крест заходить церковь банк часто камера пытка трибуна 
24806	 он нравиться весь его история смена власть способ пытка 
24806	 телевизор сей пора снова снова демонстрировать легендарный поведение красный боец допрос белый изверг советский партизан пытка гестапо 
24806	 автор записка деланно возмущаться как так представитель высокоразвитый коммунистический человечество маскироваться местный житель планета где править бал средневековый варварство стискивать зуб наблюдать пытка казнь то подобный ужас 
24806	 страшный жажда быть помнить вероятно весь жизнь самый чудовищный пытка 
24806	 ошибаться академик оксман вспоминать весь пытка который он вынести застенок 
24806	 весь состоятельный еврейский дом ребенок здесь учить музыка ежедневный бессмысленный пытка 
24806	 постоянный сжигать страх какой-то чудовищный пытка скажем кастрация 
24806	 мочь исключать весь этот сцена гореть первый храм царь навуходоносор пытка зидкиа толпа еврей гонимый 
24806	 я пытка говорить так выражаться 
24806	 теперь ряд год мой уже ребенок говорить пытка стенограмма оказываться полезный приучать вслушиваться 
24806	 нельзя исключать вероятность то весь этот двадцать восемь день быть череда издевательство пытка избиение 
24806	 европа бразилия везде доставать весь находить пытка приказывать мучить резать 
24806	 я давать понимать конфиденциальность быть сохранять самый страшный пытка 
24806	 можно быть врассыпную кто поручаться один поймать партизан пытка выдавать товарищ 
24806	 можно быть врассыпную кто поручаться один поймать партизан пытка выдавать товарищ 
24806	 поначалу казаться этот пытка перенести имя наука быть 
24806	 шприц туалет там исчезать так попытка пытка я мочь очень 
24806	 выдерживать пытка медитация нужный здоровый 
24806	 богодухновенный книга апокалипсис уста смиренный апостол иоанн вкладывать вопль поруганный страдающий любовь господний видеть огненный озеро вечный пытка ввергаться сонм человек 
24806	 любимый час пытка принимать яд мешок вагон 
24806	 вспомнить советский время самый страшный пытка автолюбитель быть процедура снятие 
24806	 автор сергей голубицкий крест символ пытка я предпочитать знак доллар символ 
24806	 таков быть этот первый помощник как я дальнейший узнавать палач садист лично участвовать пытка заключенный 
24806	 я уже много знать ужасный преступление арест безвинный пытка голод насилие 
24806	 этот грабитель начинать выбивать он деньги пытка быть себя богатей изображать 
24806	 такой дело делаться огласка попытка пытка я взаимообразный все что 
24806	 правда обездвиживать мяч успешно уходить попытка пытка 
24806	 кончаться этот пытка родитель уезжать 
24806	 султан стоически терпеть первичный обработка известь вторичный мы безжалостно сдирать образовываться кожа корочка вновь повторять пытка 
24806	 знать отсылать сталин скорбный рассказ г зверский пытка идти январь 
24806	 отмазывать мешкова он быть нелегко попытка пытка возражать гуров припоминать 
24806	 вы знать пытка запрещать гаагский конференция 
24806	 рано этот башня доставлять пытка заключенный который содержать камера 
24806	 пожимать рука дидигов я никто заставлять пытка 
24806	 разрешать говорить вслух рано никто говорить пытка 
24806	 я такой игра сила мой характер мочь быть специально придумывать пытка 
24806	 это напоминать китайский пытка голова осужденный 
24806	 новый конституция раб допрашивать исключительно пытка 
24806	 он все сознаваться сказать верховный жрица пытка он сознаваться все в 
24806	 беренгария появляться шкаф делать умильный вид промолвить так он пытка пифка ты человек 
24806	 наблюдение сам иоанн вейер скальпель проводить полосной хирургический операция справляться подобный наваждение куда хорошо всякий род упражнение пытка предлагаться изгонять диавол экзорцист 
24806	 генеральный секретарь совет европа например предлагать выделять проект бюджет год комитет пытка столько средство 
24806	 похоже испанский партия все становиться пытка петер его команда 
24806	 тогда он приказывать умерщвлять митридат корытный пытка 
24806	 весь поездка близнец расспрашивать они видеть европа назаров вспоминать крепость нюрнберг она камера пытка железный дева который 
24806	 узнавать то индеец майя упорно желать отказываться язычество испанский монах диего ланда глава францисканский миссия центральноамериканский провинция юкатан гватемала устраивать массовый экзекуция пытка уничтожение вероотступник предание огонь 
24806	 даром бог скандинавский пытка придумывать китайский связывать локи 
24806	 тот кто устраивать я пытка невостребованность подозревать какой 
24806	 женщина посчитать нужный соврать пытка 
24806	 потом это прибавляться дикий ревность мой бывший девушка пытка ничто свой бывший 
24806	 никто должный подвергаться пытка насилие всякий иной жестокий 
24806	 этот путь быть удачный дело ценный добывать сведение провал арест пытка расстрел 
24806	 международный конвенция ликвидация весь форма расовый дискриминация ратифицировать наш страна март г конвенция пытка другой жестокий бесчеловечный 
24806	 успокаивать усиливаться раздражение британский военнослужащий недовольный сообщение возможный предъявление их сослуживец обвинение совершение пытка убийство гражданский житель 
24806	 думать быть уместный здесь приводить отрывок бестселлер всуворов аквариум который как нельзя хорошо подходить наш тема успех приходить тогда каждый тренировка доводить человек грань его возможность конец тренировка превращаться пытка человек кричать боль 
24806	 что гринберг он свой беда работать еврейский антифашистский комитет показание пытка давать оба тот число 
24806	 это путин павловский хотеть гражданский общество построить этот фон следующий путинский президентский кампания пропиаривать крутой правозащитник они весь затея сорвать запускать программа переговоры война чечня пытка ментовка туберкулез 
24806	 партия спрашивать сам себя главный герой роман мочь запускать рука прошлое утверждать то иной событие никогда происходить это наверное страшный пытка смерть 
24806	 сегодня цель почти достигать они ждать самый страшный пытка неизвестность 
24806	 сколько контролировать уровень сдержка противовес речь идти сложный система воровство этот изживать попытка пытка вы перечислять быть 
24806	 милый я вовсе общий дело нет этот общий великий дело каждый сам себя творить кровь пытка то винтовка 
24806	 пытка эмиссар дмитрий волгин суд 
24806	 основной упор защита сделать то отношение ахмед закаев россия мочь быть применять пытка 
24806	 бабицкий это проявлять осведомленность повод пытка российский тюрьма 
24806	 ниндзя думать честь расправляться враг один доблесть быть он ведомо он никогда выдавать где жить его семья его клан сказать это пытка закалывать себя удар кинжал 
24806	 продолжать становиться ты пытка татьяна 
24806	 таня макарова становиться татьяна пытка она законно получать свой имя 
24806	 все я усматривать некий мистический связь совпадение имя любимый дочь любимый героиня маргарита алигер имя дочь поэтесса выбирать то зоя пытка называть себя таня 
24806	 становиться пытка татьяна героиня поэма свой 
24806	 чуть смело высказываться повод массовый пытка истязание система мвд 
24806	 один самый памятный сцена роман допрос время который садист властолюбец обрайен отечески обучать жертва тонкость двоемыслие тот требоваться подтверждать пытка понимать прочувствовать весь душа 
24806	 важно впоследствии человек этот показывать они склонять самооговор полиция пытка барин они господин сухово-кобылин 
24806	 александр васильевич подробно рассказывать я дело убийство диманш который он несколько его крепостной человек быть вовлекать пытка который подвергать несчастный крепостной 
24806	 это обязательный немочь должно быть владимир шар презирать литературный ухищрение натягивать оригинальный историософский трактат затрапезный романный рубище то испытывать мы несмешной абсурд какой дескать лицо становиться мы читать то как гпу разыскивать богородица намереваться пытка заставлять она докладывать христос 
24806	 римлянин так суметь изгонять мы святой земля часть наш предок быть уничтожать ход жестокий война другой быть вынуждать принимать ислам противный случай они ждать пытка голодный смерть 
24806	 многий век быть перепробовать весь возможный средство воздействие пытка одиночный заключение каторга квалифицированный вид 
24806	 это объясняться незащищенность население лицо преступность иной незаконный посягательство неэффективность деятельность орган милиция защита гражданин их законный интерес коррумпированность милиция наряду тотальный коррумпированность весь властный структура правоохранительный орган противоправный действие сотрудник милиция отношение гражданин вплоть пытка 
24806	 системность порождать рубрика пытка будни россия бывший 
24806	 число необходимый реформа известный судья заслуживать юрист рсфср с пашин относить прекращение пытка задержанный правоохранительный орган как 
24806	 это госдума отказываться рассматривать законопроект ответственность пытка этот понятие вообще отсутствовать 
24806	 повод применение пытка часто все служить выбивание признание 
24806	 отношение взяточничество незаконный метод расследование применение задержанный арестованный подозреваемый обвиняемый пытка насилие безусловный 
24806	 м общественный центр содействие реформа уголовный правосудие пытка россия этот ад придумывать 
24806	 это нельзя исключать этот лоббистский борьба еще сам разгар новый текст постановление пытка взять тайм-аут дальнейший спор 
24806	 осквернение пытка унижение оно отождествляться 
24806	 что неудивительный собирать российский правозащитник сведение говорить то наш милиция повсеместный практиковаться пытка 
24806	 пантеон святой христианство погибать первый век нет никакой автор идея мыслитель там человек знаменитый то сам подзадоривать палач изыскивать себя изощренный пытка казнь 
24806	 они отдавать отчет их крест символ древо змий орудие пытка который умирать знаменитый религиозный 
24806	 что касаться правоохранительный орган быть признавать их деятельность иметь место применение пытка другой недозволенный метод ведение 
24806	 заявление подсудимый применение они ход дознание следствие пытка недозволенный закон метод нередко 
24806	 пирожок быть отпираться твердить свой местный происхождение применять пытка засушивание батарея замачивание 
24806	 армия так поступать совершать французский военный зверство отношение мирный население подозреваемый связь террорист многочисленный пытка убийство прибавлять сепаратист 
24806	 зачем ты собака пугать какой еще фашистский пытка как 
24806	 событие сентябрь год приводить разрешение применение пытка допрос подозреваемый терроризм 
24806	 он выдерживать музыкальный пытка написать письмо лично сталин 
24806	 беззаконие ужас мочь начинаться вновь каждый мы любой момент мочь быть схватывать страшиться желать верить все неосознанный готовиться надругательство пытка как мы тогда себя 
24806	 дершовица предлагать узаконивать пытка отношение подозреваемый террорист применять 
24806	 так е год год лишение свобода быть приговаривать бывший заместитель начальник краснодонский полиция подтынный который участвовать пытка молодогвардеец 
24806	 например один они состоять то присяжный запрещать говорить пытка выбивание показание 
24806	 я считать такой перегрузка он подвергать сознательно это свой род пытка 
24806	 тот они едва быть один тяжелый пытка измятый преждевременный добираться 
24806	 он никогда быть концлагерь видеть уничтожать заключенный наблюдать пытка гестапо участвовать 
24806	 уже терпеть целый ночь извиваться больничный кушетка искать поза который помогать переносить пытка родовой схватка обретать молитвенный 
24806	 может л б красин решать влиятельный финагент горький удаваться мирный путь выбивать капиталист большой деньги попытка пытка свидетельство домашний савва 
24806	 дублин инициировать судебный процесс лондон обвинять британский власть ольстер нарушение статья й й европейский конвенция право человек запрещать превентивный арест пытка жестокий обращение заключенный 
24806	 судебник год царь великий князь иван грозный поймать поличное вор можно быть преследовать обвинительный форма собственно обвинительный процесс называться русь суд несмотря то злодей посягать частный интерес также порядок розыск лихой человек т е применение пытка независимо позиция истец 
24806	 то год система розыскной инквизиционный процесс изымать пытка судопроизводство оказываться неэффективный малорезультативный 
24806	 суд обращать внимание также пытка принимать доказательство виновность подсудимый 
24806	 пытка узаконивать высокий государственный общественный 
24806	 включение оперативно розыскной деятельность сфера законодательный регулирование сожаление негласный оперативно розыскной деятельность продолжать вестись изолятор временный содержание следственный изолятор цель предотвращение побег заключать обеспечение безопасность ивс сизо раскрытие преступление который обвиняться подозреваться помещать стража гражданин отсюда вытекать использование режимный правило дисциплинарный взыскание средство пытка склонение задержанный арестованный 
24806	 применение задержанный побои угроза другой пытка выколачивание признание еще 
24806	 суд выясняться весь основной улика сфабриковать сфальсифицировать следствие свидетель обвинение отказываться свой первоначальный показание данный давление пытка 
24806	 азербайджанец сообщать защитник они подвергаться зверский побои пытка электроток следствие домогаться 
24806	 арестованный рассказывать следственный эксперимент они зверски избивать сотрудник рубоп потом передавать их родственник исчезать бандит дваливать какушадзе продолжение садистский пытка 
24806	 дело быть давать задний ход признавать самооговор добывать пытка я крикнуть встречать сокурсница уверенный 
24806	 остальное главный образ линия человечность мы высокопросвещенный нация потому мы каждый встречный старичок отец каждый встречный старушка мать потому случайный попутчик мочь такой себя порассказать что он вытягивать пытка потому мы последний народ 
24806	 сейчас вы повезти тюрьма пытка расстреливать 
24806	 сейчас вы повезти тюрьма пытка отрубать вы рука нога распинать 
24806	 вечер начинаться этот пытка анатолий муж дома быть 
24806	 все это так ярко живо больно влипать тамара ивановна кожа знать забывчивость она бояться доискиваться все такой бывать давать она этот неизносный память пытка 
24806	 ирэн воспринимать присутствие зал заседание немец оскорбление память жертва гитлеровский режим то она мочь прощать нацист пытка который они подвергать гестапо 
24806	 они спорить принимать кара недобрый бог артистичность пытка шутовство приговор то 
24806	 дисциплинка они высота красный бригада украсть премьер-министр альдо моро требовать один он рассказывать где встречаться заседать совет заправлять тайно управляющий мир умирать пытка выдавать кино 
24806	 женщина местонахождение супруга выдавать пытка 
24806	 я слава бог пытка наказание весь тридцать 
24806	 правозащитник обращаться комитет оон пытка куда уже направлять соответствовать письмо 
24806	 валерий габисов директор центр регистрация информация помощь жертва пытка предполагать этот дело 
24806	 например быть признавать возможный применять пытка какой-то узкий группа арестованный 
24806	 скажем уругвай середина х пытать городской партизан тупамарос кончать пытка все конгрессмен священник 
24806	 махнуть она рука попытка пытка круп все равный мы 
24806	 доска держаться два цепь наклонный положение это один метод пытка дежурный молча вносить коридор 
24806	 что касаться израильтянин где потребность младенец много еще много препятствие трудность еврей быть вероятно сетовать обсуждать жаловаться забывать производство потомство там электричество должно отключаться часто тогда кто знать может они приобретать полезный привычка попытка пытка верно джордж сорос 
24806	 фадеев говорить пытка он отвечать убежденно 
24806	 обвиняться они получение взятка избиение пытка много еще 
24806	 как быть торжествовать вождь гордый анна ахматова сламывать невыносимый моральный пытка отчаянно выдыхать этот день 
24806	 то буквально другой день смерть сталин быть прекращать дело врач сламывать измученный нравственный физический пытка старый интеллигент отпускать свобода 
24806	 машина остывать щипцы затяжной пытка 
24806	 книга где кто-то обижать плакать навзрыд тогда отнимать книга я ставить угол учиться плохо арифметика быть страшный пытка семья быть любить 
24806	 каждый последующий стакан вода этот роковой вопрос он внимательно глядеть ирина вульф молча выжидающе подымать один бровь это быть пытка мама знать рассмешить плятт 
24806	 я очень терзаться кашель вызывать наркоз глубоко кашлять разрезать живот непередаваемый пытка 
24806	 екатерина быть достаточно умный одобрять пытка подследственный любить случай 
24806	 запрещать пытка александр вскоре восшествие 
24806	 важный случай почти непременно государев дело т е политический категория впервые вводить отечественный законодательство уложение год прибегать пытка пытать подозреваемый 
24806	 расследование прояснять дело окончательно степень ясность определять руководитель следствие прибегать розыск уже застенок порядок применение пытка быть регламентировать сначала допрашивать 
24806	 сначала допрашивать грозить они затем приводить застенок ставить орудие пытка часто все это быть дыба 
24806	 царствование александр этот добродушный либеральный монарх упразднять тайный экспедиция пытка позаботиться создавать что-нибудь он 
24806	 чрезвычайка тройка особый совещание упрощенный судопроизводство прокурор формально быть малопонятный зачем конституционный норма легкость отменяться временный чрезвычайный постановление практически применяться почти легализоваться пытка утверждение следователь санкция 
24806	 такой мера заковывание кандалы перевод хлеб вода пытка весь являться 
24806	 критиковать ашхабад заявление официальный представитель госдепартамент сша который быть сделать конец декабрь частность говориться мы иметься заслуживать доверие информация пытка жестокий обращение подозреваемый 
24806	 пытка появляться такой элемент инквизиционный процесс 
24806	 такой образ сторона быть объект деятельность суд который исследовать дело помощь пытка дыбы кнут раскаленный щипцы 
24806	 почему счесть он электрический стул крайний мера лобный место пытка 
24806	 система доказательство применять гражданский дело порядок суд включать себя доказательство типичный состязательный процесс признание сторона показание свидетель общий ссылка присяга письменный доказательство так свойственный следственный процесс очный ставка пытка повальный обыск 
24806	 так очный ставка применяться допрос пытка допускаться применение присяга после 
24806	 испуганно озираться искать глаз какой-нибудь агрегат ритуальный пытка 
24806	 находиться этот камера пытка день 
24806	 теперь мы выражать свой недовольство пытка несправедливость здесь снова 
24806	 все просить полный прекращение несправедливый пытка истязание отношение мы 
24806	 просить сотрудник применять жестокость пытка отношение заключенная привлекаться 
24806	 потом помощь родственник муж сестра обман завлекать парень мордовия там он приступать пытка он загонять денис швейный иголка 
24806	 изба быть полный битком народ стол передний угол сидеть трое сектант объявлять быть беседовать недопустимость почитание крест орудие позорный пытка смерть 
24806	 быть данные отношение отец михаил применяться пытка полный объем 
24806	 известие который приходить тот темница извне быть точно такой какой мы слышать день большевицкий богоборчество храм рушиться богослужебный книга сжигаться священник предаваться казнь пытка 
24806	 как мужественно выдерживать он допрос пытка ронять свой достоинство 
24806	 они бесследно исчезать их обезображивать пытка тело быть продавать родственник погибший 
24806	 выяснение обстоятельство дело обвиняемый мочь применяться пытка 
24806	 следственный практика политический уголовный дело широко входить пытка повальный обыск т е 
24806	 он болван дело каждый командировка приставать пытка там 
24806	 наступать ночь они новый пытка я придумывать иголка спина 
24806	 сутки снова я оказываться камера снова новый пытка 
24806	 где рождаться отмучаться угасать смутный предчувствие такой исторический поколение наш исчерпывать себя донышко фантастический социальный эксперимент катастрофа выбирать прошлый настоящий будущий человеческий пласт весь страх зловещий пытка жестокий репрессия 
24806	 проверять красноармеец мой немецкий язык высоко оценивать он он заявлять немец попадать я они плен какой пытка вытаскивать я военный 
24806	 вода кран кухня капать капать раковина пытка то китайский казнь 
24806	 становиться единоличный лидер проявлять похожий сталинский страсть единоличный власть поклонение подхалимство окружающий их беспрекословный послушание весь это уже так сказать мирской секулярный религиозный форма столь необузданный главное несравненно мало жестоко всякий случай почти кровь то более пытка 
24806	 ссылка посол персональный пенсия расстрел тюрьма пытка исключение партия 
24806	 кадар который ракош посадить тюрьма подвергать издевательство пытка держать угроза расстрел 
24806	 он я убивать он пытка умирать утапливать 
24806	 она быть набелить лицо маска длинноволосый парик статичный декорация вполне годиться оформление китайский ресторан яркий краска сказочный китайский придворный оттенять реалистический серость простой китайский народ щадить натурализм угнетение народ использоваться несколько хлыстов жестокий пытка который глаз все 
24806	 конфидент признаваться пытка волынский сам 
24806	 некогда доходить парикмахерская пытка завивка раскалять щипцы 
24806	 дело теперь уже пытка дело то 
24806	 ять казаться он достаточно храбрый человек становиться этот смена год он предстоять проводить многий испытание подстраивать побег поймать подвергать пытка научать подбирать соратник готовить 
24806	 то менее мочь он окончательно понимать никакой пытка надо 
24806	 самоубийство оправдывать тогда жить далеко самый дело нельзя нельзя определение непрерывный пытка позор слабоумие 
24806	 его суета улечься восторжествовать абсолютный покорность осколец принимать любой участь избавляться главный свой пытка вечный подозрение неправота 
24806	 теперь становиться быть он придумывать последний утешение последний пытка петь сахарок пожальша 
24806	 тюрьма быть тюрьма пенитенциарный порядок бывший империя теперь мы читать едва умиление никакой подавление личность унижение пытка мучение просьба молодой нигилист 
24806	 я старый мочь выдерживать их пытка 
24806	 надо сделать все этот человек пытка показывать великий княгиня дорога 
24806	 некоторые деталь психопат так реалистичный я иметь вид сцена пытка мучение спрашивать читатель откуда 
24806	 что должный быть похожий сцена пытка мучение вы часто присутствовать 
24806	 невзирая былой заслуга год герой гражданский война отец будущее поэт умирать пытка место служба 
24806	 кто-нибудь думать это пытка он ничто знать 
24806	 мочь иметь он право судить ахматов пытка ожидание надо сказать заслуженный 
24806	 быть время особый совещание тройка побои пытка застенок 
24806	 я жить воображение рисовать физический пытка нравственный мука лева 
24806	 я сказать черт взять зачем скорость зачем мы выигрывать сутки три день праздник мы превращать два день пытка 
24806	 молодость коля быть видимо очень хороший себя он сейчас жест широкий движение угадываться размашистый мужицкий сила теперь разгорячаться он вскакивать один нога он хромать взгляд быть тусклый блеск который выдавать человек проходить пытка невозможность что-либо изменять 
24806	 снова ожидание приговор неизвестность впереди вы знать такой пытка надежда спрашивать ахматова один 
24806	 авдеев быть стоять свой пытка смертный одр 
24806	 грешник испуганный взгляд прослеживать один палач страшный бесцветный глаз направляться угол камера пытка сунуть раскаленный голова 
24806	 палач святой инквизиция всегда демонстрировать пытка орудие способ дознание авдеев 
24806	 исполнитель главный роль пущий настрой показывать хроника собр запрещать публичный демонстрация кассета отснимать видео сам чеченец отрезать голова мольба пощада пытка ржание брат аллах 
24806	 этот человек молчать пытка всячески жалеть собственный палач 
24806	 он все равный стрекотать попытка пытка один рыбак 
24806	 рисовать картина полный беззащитность арестованный произвол слепой сила тщетный любой довод разум логика подследственный издевательство пытка выбивать угодный следствие признание 
24806	 она начинаться раскол который последовать пытка каторга старовер ответный 
24806	 почти побороть теснота камера сизо который европейский эксперт расценивать один форма пытка 
24806	 капитанский дочка он писать имя гринева изменение происходить жизнь один поколение связь то капитан миронов крепость собираться пытать башкирина бунтовщик пытка старина так быть укоренять 
24806	 англия г выпускать тюрьма человек который пытка признаваться несовершенный преступление 
24806	 данные ниц мемориал розенблюм пытка подписывать весь возводить он 
24806	 этот комната легко догадываться становиться новосел камера пытка 
24806	 пытка входить еще то что 
24806	 второй брат отвечать музей который камера пытка 
24806	 полчаса выжимать это мера горячий финский парень максимум возможный подвигнуть он небольшой фотосессия уступать место столик ждать свой очередь английский коллега теперь он подвергаться пытка райкконен задерживаться еще некоторый 
24806	 соперник разыгрывать испанский партия время царствование шахматный олимп анатолий карпов называть многий испанский пытка слишком тяжко приходиться черный 
24806	 флавий это один сорок мученик подвергаться жестокий пытка вера год 
24806	 он любить читать казнь сам шутка изобретать новый вид казнь устройство пытка 
24806	 другой добавлять громкость песня радовать слух вдруг превращаться некий вид пытка 
24806	 я то предлагать ты сделать фильм книга данте его любовь беатриче любовь беатриче он то он она здороваться весь город читать стих она сам он беатриче подходить такой изощрять форма превосходство бедный девочка любовь пытка 
24806	 проштрафиться нередко ожидать пытка уступать который инквизиция 
24806	 пытка издевательство палец он никто 
24806	 мочь быть самый пытка вы давать я передышка 
24806	 какой-то никто ведомый время пытка боль повторяться 
24806	 никогда страдалец находить тот лазейка тот самый ход приводить он камера пытка кричать божиться тыкать 
24806	 однажды день неудавшийся долгий испанский пытка веня несмело заговаривать брак 
24806	 измученный изощренный пытка старший звание я вламываться 
24806	 лондон вполне еще детский время заседать борец свобода закаев один борец приходить голова идея взять подпись немцов попытка пытка 
24806	 фокс название камера иметься вид камера пытка участник турнир раздевать трусы 
24806	 трое другой допрашивать заложник они должный угадывать его ответ скажем такой вопрос кто они скоро все толкнуть колесо автобус старушка спасать себя победитель получать награда побеждать ждать пытка иногда это скорпион который сажать 
24806	 они писать критик кэрин джеймс становиться культурный барометр соединять штат приравнивать развлечение такой вещь пытка похищение заложничество 
24806	 аудитория камера пытка основной молодежь 
24806	 террорист взрывать целый здание трудно переживать идиот нырять цистерна дохлый кальмар настоящий пытка возмутительный человек который пытать 
24806	 написать я весь это подумать наш обезьяний телевидение уже показывать последний герой наверное облизываться лицензия фактор страх кресло камера пытка другой фактор обесчеловечивание 
24806	 игорь сухой пытка память старик ю трифонова 
24806	 он освобождаться ежедневный пытка называть общественный жизнь народ поверять 
24806	 пауза прорежающий повторение пытка рай становиться невыносимый 
24806	 англия что митя оживляться мгновенно как что весь этот английский досужий выдумка крыса пытка комната 
24806	 он выдерживать пытка признаваться весь знакомый соглашаться 
24806	 никакой суд потом ничто быть слушать припарка здешний извиняться пытка нужный какой-то улика 
24806	 ожидание быть отдых тихий пытка 
24806	 больница рассказывать пытка подробно хотеться рассказывать значит 
24806	 джулия теперь ариадна герой рассказывать пытка застенок следователь 
24806	 стыдно быть рассказывать потому перетерпеть пытка несчастие 
24806	 раз герой решаться жениться он хотеть сделать себя свадебный подарок смывать позор пытка доказывать себя он мужчина 
24806	 бежать потому отчаянно бояться арест бояться смерть пытка бежать потому немощный слабый 
24806	 теперь он думать он угрожать наоборот униженно просить молить убеждать весь жить жить первый последний жизнь земля мучение человек ждать один один мечтать пытка наконец кончаться каждый быть 
24806	 я быть уверенный весь мы быть уверенный пытка расстрел лагерь необходимый 
24806	 вспомнить он я мочь быть шутка говорить он взять плен он пытка выдавать весь тайна 
24806	 продлять мучение мать император подвергать ее пытка отдавать она истерзать тело 
24806	 святой андрей быть вызывать суд там он подтверждать свой вера христос это он подвергать пытка он сам ложиться раскалять 
24806	 власть рф расследовать должный образ случай грубый нарушение право человек чечня убийство пытка грабеж совершать федеральный сила 
24806	 колесо который декорировать сервантес сцена свой представление дон кихот представать колесо история превращаться орудие пытка который тюремный сброд распинать 
24806	 массовый депортация казаться что-то совершенно немыслимый русский военный статистика теоретически обосновывать они еще год то более укладываться европейский сознание угон население работа взятие заложник разрушение мирный город пытка массовый расстрел 
24806	 ты никогда переживать война одиночество тюремный заключение агония пытка голод ты счастливо что 
24806	 подобный деяние один проект новый статья пытка предлагаться лишать свобода срок 
24806	 видеозапись зафиксировать пытка пленник сознаваться сотрудничество 
24806	 такой условие десятичасовой перегон оборачиваться пытка организм 
24806	 считать тот класс пытка словом много все 
24806	 качество дополнение образование мечеть открытый школа рукопашный бой некоторый страна ваххабитский наставник обучать владение оружие методика совершение террористический акт применение пытка 
24806	 наука преподавать боевик талибана пакистанский лагерь проведение чудовищный пытка применять как способ допрос 
24806	 тот время сша вопль защита право человек осыпать бомба любой нравиться они государство пакистан взлелеять людоедский движение талиб их наркомафия садистский пытка расовый дискриминация оставаться любимец западный 
24806	 это неудивительный он выдерживать все пытка 
24806	 любой кодекс распадаться прах уже начальный стадия пытка который заключенный кличка 
24806	 этот развал колесо молодой бандит быть офис ресторан гостиница заезжий дружок он говорить партнер бизнес баня публичный дом камера пытка весь совмещать себя таинственный 
24806	 белый становиться известно колдовской дело хэт его схватывать пытка запирать один дом 
24806	 колонист поджигать этот дом колдун то молчать пытка заговаривать 
24806	 привыкать музыкальный гармонически ритмизованный манера чтение стихотворный текст ждать то разочарование шок пытка звук 
24806	 опрашивать директор школа преподаватель предметник дружно отзываться проверка тестирование пытка инквизитор 
24806	 много оскаливать прокапчивать век готика вовсе кажущийся карамельный то рига постный кролик старобогемский стиль экспортный кабачок оно впечатлить пражский музей средневековый пытка 
24806	 вы разрешать выезд сказать капитанша кгб пытка ожидание кончаться виза 
24806	 жюри представлять верхушка правление агентство совещаться зал переживать очередной пытка рэпперский речитатив 
24806	 поэт мудрец мы моральный нести убыток час святой отец волочь мы станок пытка 
24806	 плен ты угрожать пытка смерть немедленно выдавать все 
24806	 я вовсе подвергать ваш сын пытка сказать я примирительный 
24806	 хрупкий женщина орудовать ядерный спина говорить понимать как можно быть сделать банальный транспортный средство камера пытка 
24806	 он сметь сравнивать принудительный лечение психический больной пытка который подвергаться еретик застенок 
24806	 я смочь я любой неволя пытка сразу начинать рваться прочь 
24806	 какой-то новый дант проникать ад увидеть новый пытка грешник 
24806	 он опускаться табурет стараться глядеть жиличка нежиличка попытаться сосредотачиваться попытка пытка попытка засчитываться 
24806	 самый муторный дело прочее попадать свой речь свой интонация тон партнер пытка я это 
24806	 то я знать я она вытягивать буквально пытка 
24806	 дед другой поколение где быть принимать молчать пытка стоять часы 
24806	 обещать чисто бродвейский спецэффект посадка сцена реальный бомбардировщик также сюрприз финал который выдавать журналистский пытка 
24806	 скоро все он стыдиться я татьяна полагать это быть настоящий пытка его самолюбие 
24806	 она приходиться себя уговаривать сейчас резон думать таинственный спецслужба пытка также волноваться друг 
24806	 лизавета сей пора помнить охать возмущаться загорелый седовласый дяденька цейсовский очки тетенька костюм брошка мадлен олбрайт увидеть туалет ржавый потек практически пытка наказание судебный приговор 
24806	 он организовывать эрдут концлагерь хорват где практиковать массовый казнь пытка издевательство военнопленный 
24806	 сначала абдич сохранять полный верность сараевский правительство быть где-то святой папа его приказ бихач трнополье великий кладуша кератерм маньяч быть создавать концлагерь серб где самый скромный подсчет быть убивать пять тысяча человек десяток тысяча подвергаться пытка издевательство 
24806	 я теперь уже знать тогда начало год это сказать н хрущев свой секретный доклад съезд партия быть давать сталин официальный разрешение применение пытка практика нквд 
24806	 правда они весь уже выдерживать сдаваться применяться пытка теперь совершенно ясно восемь 
24806	 назаров опережать я плохо физический пытка 
24806	 что он что то становиться надо быть сламывать это получаться длительный обработка карцер немыслимый условие содержание возможно пытка прозрачно давать понимать 
24806	 черемуха мой тот проболтаться пытка божество его диктант 
24806	 что ты сразу все признаваться выдерживать пытка 
24806	 дело то вовик демочка часто пугать мы колупать рассказ пытка 
24806	 естественно дом рано быть всякий разный клад серебряный золотой монета который правда уже все давно находить находить также скелет замуровывать стена подвал еще революция человек сам купец быть маньяк он собственно начинаться этот печальный традиция пытка этот дом 
24806	 вовик все прочее подводить история пытка строгий научный база 
24806	 его этот давать сносить они он держать пытка какой этот 
24806	 демочка так этак пытаться намекать хромой все тут так этот пытка мосгаз сравнение 
24806	 вдоволь наизучаться здешний чужой лужа чужой голубятня чужой забор также неуютный подъезд дурацкий козырек я решаться посмотреть страшный дом пытка который мы колупаев так 
24806	 проводить связь это операция сила разведка отряд позволять захватить язык который пытка показывать являться член группа 
24806	 бесцельный сидение аппарат быть страшно самый изощренный пытка 
24806	 его цепкий память хранить свой амбар сведение факт который нормальный человек мочь запоминать пытка 
24806	 попытка такой быть пытка призывать человек оказываться неожиданно 
24806	 такой страсть называть тело болезнь смерть рок бремя неволя тюрьма пытка душа такой нечеловеческий 
24806	 сейчас начинаться пытка откручивание голова откручиваться 
24806	 хотеться скоро следующий пытка этот затягиваться утро 
24806	 работа лесоповал где малый непослушание наказываться особый пытка стоять голый пенек 
24806	 он быть обстреливать попадать контрразведка француз наполовину потерять рассудок пытка пять год тюрьма 
24806	 некоторый кукла торчать булавка другой быть подрезать нос ухо марионетка побывать игрушечный камера пытка где они жечь игрушечный паяльный 
24806	 я она выдавать страшный пытка 
24806	 большой тихон рассказывать мало он оставаться тот противник который я недавно мечтать подвергать самый изощренный пытка 
24806	 избиение который я подвергать ваш улыбчивый бандит пытка практиковать порядок подготовка 
24806	 сила ваш я опять должный извиняться субъективность оценка исторический инфантильность вы наивно ассоциировать пытка допрос 
24806	 быть компетентный область допрос я раз жизнь никто допрашивать я весь мочь удерживаться скепсис отношение эффективность пытка метод допрос 
24806	 четвертый наиболее тяжелый ваш ошибка вы считать этот избиение позволение сказать пытка 
24806	 оно отдаленно мочь быть сравнимый то я называть пытка то самый 
24806	 связь это хотеть вы также предупреждать заблаговременно вводить ваш кровь вещество один этап пытка сколь быть сильный 
24806	 тот дегенерат третий излагать свой концепция пытка он корчиться пол 
24806	 вы прекрасно знать я обреченный страшный пытка смерть так 
24806	 вериться пытка мочь сламывать человек такой сорт 
24806	 боб обучать искусство форсированный дознание соответственно сопротивление он просто говорить поведение пытка 
24806	 тим выдерживать пытка достойно миллионер он быть формальный 
24806	 вы подвергать я избиение пытка унижение 
24806	 просторный прогревать солнце окно ресторанный зальце я вкушать шурпа курица чесночный соус она сообщать чимкент называть казахстанский техас город приезжать московский выставка восковой фигура пытка наказание весь время 
24806	 тесный школьный парта апофеозовец организатор голосование поставлять президиумный стол который сереть сухогорлый классический графин больно давить коленка что-то напоминать средневековый колодка который преступник выставлять площадь удовольствие толпа марина стоить невероятный усилие воля выбираться этот орудие пытка проходить туалет 
24806	 елейный пролепетать я чувствовать больше вынести этот пытка подсказывать может я быть 
24806	 то признаваться сразу пытка его натуральный фамилия визборас 
24806	 пытка устраивать хорват сафин нельзя называть 
24806	 девяностолетний старик молодой дипломированный террорист учебный лагерь долгий пытка зарезать ножницы стрижка овца 
24806	 заложник он делать деньги слава заслуживать пытка 
24806	 доверие он ельцин упасть вновь заговаривать пытка находиться сизо больший 
24806	 попытка становиться пытка раз наоборот мужчина 
24806	 то мочь быть чей-то подслушивать разговор чей-то слово вырываться минута раздражение чей-то шутка главный доказательство вина считаться собственный признание обвиняемый главный метод расследование пытка 
24806	 тут работать профессионал они быть специально разрабатывать инструкция рекомендоваться например прерывать пытка давать рана затягиваться истязание 
24806	 реальный число податной душа уезд всегда быть значительно мало число указывать ревизский сказка солдат добывать положенный неположенный прибегать пытка сбор подать становиться дело 
24806	 замечать происходить это декабрь год царевич алексей быть уже схватывать он везти москва петр письмо клятвенный обещать сын прощение сам уже готовиться новый пытка грандиозный казнь 
24806	 начинать казаться он она вообще быть населять человек лежать некий почва где произрастать весь необходимый государство тот число солдат землепашец матрос купец ремесленник весь тот кто можно быть посылать война кто можно быть получать пытка необходимый подать поборы 
24806	 малый корысть малый надежда спасение пытка каторга казнь 
24806	 этот момент девочка испугаться ангел лицо сифилитик который стоять смотреть раздвигать щель глаз он плевать цепь который уже приковывать липа значит уже начинаться их пытка тут она услышать автомобильный 
24806	 я так понимать он пытать помощь этот щипцы он умирать пытка 
24806	 тот читать они тот напряжение какой они писаться этот доклад должный быть становиться он изощренный пытка 
24806	 это значить порка пытка расстрел суд 
24806	 быть немало случай маленков лично присутствовать допрос пытка арестованный 
24806	 любопытный он быть человек один умирать пытка харкать кровь морда палач 
24806	 этот глава я хотеть поведывать судьба миллион наш соотечественник расстреливать замучивать пытка умерший голод повешенный 
24806	 многие они пытка получать ложный показание служить повод 
24806	 большевизм должный уходить ответственность практика неслыханный фальсификация ложный обвинение внесудебный приговор расстрел суд следствие истязание пытка организация концлагерь то 
24806	 ты никогда переживать война одиночество тюремный заключение агония пытка голод ты счастливо что 
24806	 слушание парламент посвящать выполнение украина требование конвенция оон пытка 
24806	 парламентарий направлять запрос министр внутренний дело юрий смирнов который говориться недопустимость применение пытка время содержание стража 
24806	 конвенция оон пытка ратифицировать украина февраль 
24806	 никто участник уголовный судопроизводство мочь подвергаться насилие пытка другой жестокий унижать человеческий 
24806	 смиряться делать вид окружать весь порядок фальшь ее натура пытка неизвестно куда такой раздрая 
24806	 последний надежда произносить настолько радостно тамара невольно улыбаться мрак подпол едва разбавлять лучик щель люк ожидание пытка самый время радоваться время 
24806	 во-вторых ты очень понравиться сидеть подпол ждать пытка 
24806	 лето год построить пароход челюскин предпринимать попытка проходить северный морской путь один навигация опровергать поговорка попытка оказываться пытка челюскин раздавливать лед чукотский 
24806	 ясный мотив переход православный иерарх католичество который говориться следственный дело оно мочь быть доказательство изготавливать фабрика пытка 
24806	 жетон кейс никто выдавать быть ты сам капон короче попытка пытка петруха хороший малый кстати 
24806	 морозов никак мочь успокаиваться сравнительно небольшой город прямо самый его нос твориться такой дело пытка оружие его терзать вопрос кто 
24806	 ты он серпухов рассказывать пытка 
24806	 она действовать так первый взгляд нелепо потому подсознательно стремиться торопить событие бояться столько самый смерть пытка ее ожидание 
24806	 отдавать они папа все они требовать наш жизнь превращаться пытка 
24806	 каждый раз забывать что начинать пытка продолжаться час два потом 
24806	 мочь быть оттого его обязанность гид кончаться теперь он мочь снова засаживаться свой инструмент пытка писать новый повесть 
24806	 убийство повинный человек донос личный враг оговор пытка тайный приказ террор 
24806	 надо скоро что-то предпринимать подобный случай мочь уже представляться сколько время продлиться полет он знать быть быть попытка пытка савелий закрывать глаз громко 
24806	 смысл этот статья быть примерно таков определенный часть население киев несомненно симпатизировать совет подвергаться своеобразный пытка страх вполне естественно закономерный 
24806	 выступать такой дух пытка страх шульгин вместе то 
24806	 уже василий шульгин автор недавний пытка страх писать киевлянин подумать 
24806	 кольцов быть уже обрекать сталин готовый быть предоставлять он возможность оканчивать свой день проходить мучительный этап арест пытка расстрел качество враг 
24806	 подпись ваш я поставлять ее пытка ужасный 
24806	 я поставлять ее пытка ужасный 
24806	 их изуверский устремление наклонность импонировать нюрнберг город безжалостный ландскнехт кровавый истязание достойный памятник который оставаться самый известный европа богатство экспонат музей пытка его знаменитый нюрнбергский железный 
24806	 думаться лев романович быть должность помощник такой человек мочь знать добываться признание враг народ постулат вышинский признание царица доказательство я вериться он быть непосредственно причастный пытка истязание 
24806	 пример то турция отличие россия облагораживать человечество тысяча лишний год изящный литература другой шедевр искусство известный мир бесконечный война османский империя резня армения изощренный пытка турецкий баня изобретать кстати 
24806	 такой пытка шамиль мочь долго 
24806	 учитывать сумма валюта выдавать карманный расход весь вышеперечисленный ужас степень воздействие организм неискушенный советский турист мочь быть приравнивать изощренный средневековый пытка 
24806	 зырянин молчать суживать глаз лицо его быть напряженный пытка 
24806	 ненависть потянуться бессмысленный день осада долгий мучительный пытка 
24806	 себя так тот который скончаться блаженный кончина дома свой кровать темница оковы пытка а плакать проливать слеза 
24806	 она умолять оставлять она покой наедине ее горе она совать нос различный самый современный оружие алик его ее документ их фотография совершенно другой фамилия который алик разный тайник находить великий множество каждый интервью быть она пытка полиция самый 
24806	 я мочь подмигивать товарищ пытка дескать держаться все там быть 
24806	 любой человек попадать российский тюрьма иметь никакой право подвергаться избиение пытка что 
24806	 болезнь платон быть тайна семья обухов который родитель платон решаться рассказывать то следствие течение продолжительный время игнорировать факт его психический заболевание то самый подвергать платон тяжелый моральный пытка 
24806	 осужденный год тюрьма процесс так называть антисоветский правотроцкистский блок дмитрий плетнев врач мировой имя писать тюрьма январь год имя ворошилов я применяться ужасающий ругань угроза смертный казнь таскание шиворот душение горло пытка недосыпание течение неделя 
24806	 поведение следователь моральный пытка родитель обухов называть 
24806	 напротив доноситель быть подвергаться пытка наравне подозревать 
24806	 томас знать себя грех словоохотливость тут бутылка особый эстонский бумажка расчет давать себя страшный клятва молчать свой умозаключение пытка 
24806	 этот ожидание превращаться постепенно пытка истязать уродовать выхолащивать подтачивать 
24806	 попытка пытка говаривать товарищ берия 
24806	 брать я особенно нечего вставать каждый раз открывать дверь я настоящий пытка 
24806	 несмотря весь свой актерский способность такой пытка он вряд мочь выдерживать 
24806	 ты говорить это так речь идти развлечение пытка усмехаться аркадий 
24806	 юсуф мочь спать спокойно мастер морозов пытка сказать слово 
24806	 устраивать еще пытка тут мочь убивать сразу 
24806	 домашние мой быть пытка они кротко терпеть особенно 
24806	 некоторый время константин сергеевич ласково сказать благодарить вы кончаться ее пытка читать станиславский еще 
24806	 допрашивать судя протокол один единственный раз он категорически отвергать весь обвинение устаивать пытка никакой признание подписывать 
24806	 держаться исключительно стойко он уличать другой польский террорист тот число видный деятель партия вчк гпу красный армия уншлихт который отказываться свой показание суд суметь вымолвить я смочь перенести пытка 
24806	 место напоминать камера пытка мы первый христианин входить 
24806	 ельцин пойти далеко уничтожать ссср решать российский республика сделать соединять штат америка капитулировать выдерживать пытка роскошь яя яя 
24806	 грузин пытка мы все указывать 
24806	 бетон пытка этот сволочь погибать наш приятель 
24806	 он быть видный комната напоминать средневековый камера пытка модернизировать сверхсовременный оборудование 
24806	 я сомневаться пытка этот человек мочь что-либо выдавать 
24806	 такой случай ум приходить вечный истина тип черт шутить попытка пытка 
24806	 я зоя космодемьянский пытка тайна разглашать 
24806	 инструмент представлять себя деревянный сооружение изобретать пытка обвиняемый 
24806	 поэтому часто бывать окончание пытка извлекать глубина горло тряпка 
24806	 время оставаться худсовет превращаться я пытка 
24806	 рогалев дело проваливаться пустота сознание проясняться молить бог вступаться прекращать этот зверский пытка 
24806	 безвременье русский жизнь рубеж век мучительно растягиваться вечность пытка разрывать сустав 
24806	 он возвращать понятие честь тот иронический кастовый общедемократический общенациональный смысл быть заповедовать пушкин первый клад мой честь быть клад этот пытка отнимать 
24806	 арутюнян жестокий избиение пытка оставаться место весь зуб 
24806	 труп арутюнян след пытка они ничто головной боль 
24806	 наверное себя он быть молиться пытка скоро кончаться он пристрелить 
24806	 кто-то приходить голова шальной идея сфотографировать снимать любительский камера пытка предсмертный агония женщина 
24806	 свидетель возможно один палач рассказывать его смерть свой друг следующий абдулла ханга живой засовывать мешок пытка привязывать мешок камень 
24806	 например мы сидеть тот самый комната где сто год назад сидеть степан иванович шешковский начальник тайный экспедиция производить здесь пытка арестованный 
24806	 я девка понимать ее взять пытка 
24806	 сам попадаться рука головорез принимать такой пытка мука сознание он 
24806	 дело то прапорщик проходить первый чеченский война чеченский плен пытка сделать он дегенерат отучаться 
24806	 оставаться живой момент окончание штурм они быть человек ждать казнь тюремный застенок пытка 
24806	 сын оскорбляться мать свинцов поседеть так проходить каземат пытка 
24806	 офицер все равный колоться петька предлагать чапаев применять пытка давать он завтра опохмеляться 
24806	 право защита пытка другой жестокий бесчеловечный 
24806	 таковой относиться например право защита пытка право восстановление защита 
24806	 иногда доказывать факт нарушение право человек бывать крайне трудно например говорить право защита пытка ст 
24806	 иногда доказательство сам факт пытка бывать достаточно серия косвенный доказательство 
24806	 прокурор допрашивать они упущение прокурор человек жертва пытка должный это страдать 
24806	 пытка другой вид жестокость обращение 
24806	 спрашивать как это возможный пытка процесс публичный объявлять пожаловаться 
24806	 газета их число правда рассказывать сталинский лагерь пытка расстрел 
24806	 быть последний ошибаться рассказ юрий трифонов недолгий пребывание камера пытка стих давид самойлов очерк елена 
24806	 показывать очередь мощь святой екатерина она святой потому пытка отрекаться вера 
24806	 он отрицать заявление алексей то он говорить петр любить умный человек долгорукий по-видимому подвергаться пытка другой хороший пример допрос аврам 
24806	 устрялов опубликовывать другой документ дневник комендант крепость который зафиксировать смерть алексей ряд допрос пытка какой-либо официальный версия 
24806	 наконец внимательно читать документ можно видеть он утверждаться упоминать допрос пытка иметь отношение царевич 
24806	 последний допрос царевич состояться июнь последний по-видимому пытка этот день запись 
24806	 они думать можно день день печатать правда пытка застенок кгб потом 
24806	 слово долетать опоздание вибрировать растягиваться жгутик снова сгущаться африканский узор стена плясать гримасничать я полулежать кресло курить наблюдать андрей суетиться комната залезать стул балансировать один нога пытаться прилеплять центр потолок белый пластиковый звезда она отваливаться он тереть потолок мокрый тряпка потолок образовываться грязный серый пятно неврастеничный очертание окно тяжело шевелиться голый ветвь семья ворон что-то делить балкон снег конец март разновидность китайский пытка андрей вновь сила шлепать 
24806	 несколько минута пытка васильев удивление бандит показывать 
24806	 давить себя рвотный позыв она усилие воля заставлять себя терпеть варварский пытка 
24806	 такой он еще видеть казнь русский военнопленный чечня таджикистан кровавый пытка оскал смерть боевик чечня 
24806	 свой мусульманин противник убеждение дух подвешивать пытка столб перекладина 
24806	 ярый быть кругом проигрыш он весь равный доставать этот обнаглеть делец стригущий деньги спекуляция натурный съемка пытка смерть военнопленный русский ребята 
24806	 как вариант черт пытка мешать артем подвергать серго 
24806	 что мешать артем подвергать серго такой изощренный пытка тот выдерживать 
24806	 произносить андрей вспомнить какой пытка мочь подвергаться русский солдат 
24806	 перехитрить опускаться пытка психотропный допрос исключать всякое 
24806	 некоторые они пытка выводить свой кровь стена 
24806	 скоро все он расстреливать замучивать пытка 
24806	 три год проходить день смерть сталин этот слово быть синоним пытка расстрел исчезновение навсегда 
24806	 я прерывать он потому все мочь превращаться пытка 
24806	 мочь быть она вырывать он пытка моральный физический 
24806	 братский гэс печататься исторический инерция долгий время мочь оставаться один последний библиотечный источник молодежь узнавать часть правда время террор пытка 
24806	 мальчик девочка пионерский галстук держать рука шпаргалка сей раз составлять горячий участие учитель пламенно говорить то они оказываться гестаповский пытка выдерживать бессмертный 
24806	 поэтому я знать как я вести себя время гестаповский пытка 
24806	 очень легко бить себя грудь заявлять выдерживать все пытка 
24806	 в брюгге год рыночный площадь возвышение устанавливать дыба такой образ она быть хорошо видный король максимилиан его камера народ который казаться недостаточный зрелище публичный пытка подозреваемый измена советник магистрат 
24806	 следующий день вербный воскресение начинаться штурм монастырь сан марко заканчиваться шесть час погром саванарола арестовывать далеко пытка подпись весь бумага 
24806	 теория тот время пытка предназначаться высвобождение истина 
24806	 какой ужас знать свой следующий минута думать он это быть пытка приговор 
24806	 кровь пытка пойти это судьба всякий 
24806	 что так немецкий гений надо писать музыка компания всевышний бах становиться пытка я я прятать нота 
24806	 какой ишак сказать попытка пытка 
24806	 еще какой пытка собирать обрывок себя 
24806	 факультет уже прочитывать доклад хрущев двадцатый съезд пытка лагерь массовый истребление паранойя 
24806	 вынести творческий пытка она буквально накидываться я 
24806	 тот самый время я даваться некий знание оно быть давать первый секунда показ далеко этот пытка длиться я быть давать 
24806	 поэтому они пытаться как-то восстанавливать равновесие быть иллюзия превосходство главный я пытка 
24806	 условие тот пытка я как это задавать ритм 
24806	 сам она думать другой примерно так она когда-то заглядывать сын комната он спать этот пытка мучить она весь ужасно почему-то 
24806	 каждодневный попытка каждодневный пытка проникновение внедрение чужой судьба 
24806	 я приказывать отговаривать сенатор мирович казнить пытка я так знать 
24806	 детство несчастный федор проходить александрова слобода кровавый пытка буйный пир опричник страстный 
24806	 минута тридцать они старый седой внимательно следить блестеть пот голый актер гоняться друг друг разнообразный орудие пытка рука 
24806	 как долго я догадываться что принадлежать гонимый преследовать обреченный пытка смерть племя 
24806	 заставать попытка пытка мы везти дежурная 
24806	 он человек капризный попытка пытка попробовать 
24806	 весь их повседневный работа многочасовой непрерывный допрос пытка подозреваемый стремление сломать человек 
24806	 весь год существование посткоммунистический россия быть случай кто-то прокурорский следственный работник быть привлекать реальный ответственность незаконный арест избиение пытка подследственный незаконный возбуждение уголовный дело 
24806	 самый трудный выдерживать пытка игра нога отходить 
24806	 я сидеть стул который много похожий орудие пытка понимать сейчас 
24806	 интимный сторона наш отношение быть я пытка 
24806	 еще я узнавать отец она никогда получать удовольствие половой сношение она супружеский обязанность который превращаться пытка 
24806	 теперь я становиться настоящий пытка 
24806	 слово павел крашенинников содержание такой заключенный условие полный неопределенность сравнимый пытка недопустимо 
24806	 какой хлопкороб мочь потерять страна я мочь сказать то сын солнечный узбекистан добросовестно засорять ряд советский армия этот парень блистать ум мочь подтверждать пытка сгущенка 
24806	 сам характер исламский революция заключаться то весь шахский наследие быть оставлять пытка все остальное западный 
24806	 концерт пугачев ходить кулиса она всегда то выбегать сцена нервно ходить туда-сюда прямой встряхивать кисть рука бормотать этот пытка никогда кончаться 
24806	 потом мы узнавать добиваться признание отец жестоко избивать заставлять сутки стоять узкий карцер лишать сон сажать один камера уголовник подвергать более изощрять пытка 
24806	 я четыре помощник молотов погибать трое расстреливать застенок нквд четвертый вынести пытка бросаться шахта лифт 
24806	 белый полотно постель верхний вздергивать губа гнуться тонкий тело пытка отдавать ты 
24806	 заговаривать пытка она сам откусывать себя язык 
24806	 считаться страх пытка раб мочь сказать правда 
24806	 он схватывать он молчать он бросать пытка тогда он сказать звать 
24806	 писатель всегда всюду занятый один он ждать оно бамбук китайский пытка прорастать литература 
24806	 что самый интересный я знать где сейчас мой самоходка еще пытка выдерживать мелкий презрительно улыбаться 
24806	 газета новый русский слово год быть помещать вымышленный начало конец рассказ родион березово пытка который подвергаться мейерхольд 
24806	 мать этот год быть непрерывный пытка 
24806	 я готовый быть плохой пытка длительный срок заключение 
24806	 надежда бесик зураб уверенно указывать два палач тот беспечно снимать маска время еда перерыв пытка 
24806	 я стенка долетать страшный слово расстрел пытка лагерь 
24806	 один простой истина который я узнавать такой рассказ сводиться то условие барак холод голод говорить уже издевательство пытка там где человек умирать как 
24806	 я мочь себя представлять страдание этот человек который все происходить зал быть сплошной пытка 
24806	 иметься вид самоорганизация человек свой интеллект помощь тот иной знаковый система тот случай когда знак вторгаться сфера первичный сигнализация человек заговаривать слово зубной боль действовать сам себя помощь слово переносить страдание физический пытка 
24806	 г р державин искусство воскресать казнь пытка бить кресало о 
24806	 дома быть она этот настойчивый любовь этот эгоизм одновременно честный желание угождать я предупреждать каждый мой желание пытка какой-то стоить она 
24806	 начинать еще начало весна кампания недозволенный метод дознание просто пытка милиция обещать читатель 
24806	 тот ночь я давать немного поспать просыпаться мочь надзирательница будить я стучать ключ голова бляха ремень конечно это садизм соколов пытка сон 
24806	 слышимость пытка еле перерыв отстучать свой 
24806	 прикосновение человеческий больно пытка он знать запоминать папа 
24806	 я мочь потерять нэди совсем навсегда всякий пытка расстрел она побелеть ноготь посинеть 
24806	 шерстяной одеяло почти белый белье сад это пытка октава мирбо ждать когда 
24806	 этот разговор жизнь превращаться пытка я видеть страдать алеша 
24806	 пытка приговор зоя орьяхов фото рубен 
24806	 многочисленный претензия адвокат следствие самый существенный пытка применять его подзащитный 
24806	 так оно быть потому угрюмый выдерживать пытка искушение запах родной свежий пшеничный 
24806	 сочиться капля странный музыка появляться ничто он происходить завораживать движение всеобщий совокупление казнь пытка жертва исступление 
24806	 позволять вы граф прекращать этот пытка полковник барон молодость 
24806	 пытка ледяной вода солдат выдавать я 
24806	 быть свет пытка который бояться он много 
24806	 капитан сергей школьный уже много два год добиваться правда восстановление служба то попытаться публично называть виновный издевательство пытка солдат мулинский дисциплинарный 
24806	 задний число можно доказывать непосредственно это быть прямой выход наружу какой-то преисподняя сила упоение донос донос пытка 
24806	 метафизический страх он мочь мнить пытка плаха предел весь мука 
24806	 час два везти другой госпиталь опять пытка колочение днище грузовик 
24806	 соловьев пытаться объяснять признание вырывать пытка следователь грозить он карцер обряд 
24806	 видимо всегда так отмена пытка отмена телесный наказание 
24806	 смерть она пугать необходимость жить год год непрерывный пытка 
24806	 потом происходить разрыв чан кайша цюбо схватывать пытать он выдерживать пытка никто предавать тут 
24806	 придумывать быть нравственный пытка приводить заключенный он умолять 
24806	 такой деньги они пытка молчать быть 
24806	 злой полицейский угрожать арестованный страшный пытка требовать он полностью 
24806	 вы весь свой сообщник выдавать называть имя ваш главарь я обещать избавлять вы пытка 
24806	 например добрый кричать злой злой никак поддаваться требовать что то становиться страшный пытка 
24806	 оказываться отделываться разбитый бровь мужественно переносить он пытка болезнь становиться приезжать работа 
24806	 я так снимать этот орудие пытка вздыхать она 
24806	 отсюда репрессивность ее особый внимание признание человек значит оправдание пытка 
24806	 знать обстоять дело пытка ричард коммунистический 
24806	 то рюмин вводить пытка обязательный меню мгб ссылаться 
24806	 правда столяров свой книга пытаться объяснять подчас арест пытка делаться затем потом внезапно 
24806	 услышать нести пытка теперь подтверждать двое сослуживец 
24806	 рассказ пытка больше веселить он 
24806	 этингер вероятно пытать так он умирать пытка 
24806	 то какой прекрасный результат давать пытка сталин конечно знать 
24806	 день ночной пытка происходить следующий легендарный эпизод 
24806	 он я рассказывать великий верблюжий акушер выпивать водка стараться избегать пытка баран быть 
24806	 ваш быстротечный конец вызывать я истинный зависть я сравнивать он череда китайский пытка уготовать я 
24806	 ты сам китайский пытка напрашиваться 
24806	 э палач ты распоследний пытка я устраивать это по-христиански 
24806	 тот сомневаться совершаться такой образ серьезный ошибка конец конец махнуть рука попытка пытка 
24806	 слово софичка получаться страшный все быть пытка конторский гвоздь то что 
24806	 один чегемец слушать этот ее рассказ скептически качать голова говорить такой она примерещиться пытка 
24806	 они деморализовать пытка который мы себя сметь 
24806	 дружба все этот пытка затягиваться получаться любовь 
24806	 так мой платонический любовь быть подвергать я тяжелый пытка какой-нибудь несговорчивый партизанка 
24806	 это колесо моральный пытка скрипеть инструмент дебилизация 
24806	 настя труд вытерпеть несколько минута этот пытка сунуть он десятитысячный бумажка 
24806	 целоваться она хорошо девушка миша нравиться этот затяжной прощание превращаться он пытка 
24806	 считать угощать попытка пытка задирать он чубайс понимать дурить 
24806	 другой орловский каторжный централ просачиваться мольба заключенный помощь там применяться пытка 
24806	 попытаться сунуть главный попытка пытка говориться знать кстати такой 
24806	 стараться стараться попытка пытка правда лаврентий добродушно обращаться вождь 
24806	 писать профессор лондонский университет тим шаллис статья пытка коридор безмолвие анализ 
24806	 сбивчивый недостоверный показание наряду прямой косвенный улика указывать несомненный причастность колдовство грубый суеверие приводить мы вывод необходимость проводить допрос пытка 
24806	 этот причина мы объявлять постановлять обвинять рехильда миллер жена медник николаус миллер город раменсбург должный быть подвергать пытка сегодня семь час пополудни 
24806	 сейчас они разговаривать два человек случайно встречаться мрачный лес страх страдание где дерево орудие пытка река желобок сток 
24806	 ведьма подвергаться более легкий более мучительный пытка смотреть тяжесть преступление 
24806	 время пытка они задаваться вопрос тот 
24806	 время пытка они задаваться вопрос тот 
24806	 умеренно пытать продолжать запираться он раскладываться иной орудие пытка он предупреждаться они 
24806	 он это упорствовать его присутствие читаться приговор продолжение допрос пытка второй третий день 
24806	 судья следовать позаботиться то заключать весь время пытка быть наблюдение стража 
24806	 обвиняемая рехильда миллер быть подвергать допрос пытка сознаваться то вступать 
24806	 сперва мы долго увещевать они сначала добро потом пытка 
24806	 я мочь подвергать ты пытка сообщать я включать кофеварка 
24806	 что мурзик почему ты подвергать его пытка выкрикивать она 
24806	 осведомляться дозволять она покидать этот вертеп эксплуататорский разврат кровосос желать задерживать она подвергать пытка 
24806	 изя раздраженно сказать дама просить подвергать ее пытка это можно устраивать 
24806	 я договариваться один дерево пытка 
24806	 заглядывать я магистр попытка пытка деньги нужный оставаться наедине 
24806	 он ожидать что ловушка подкоп сражение пленение пытка смерть пустота 
24806	 когда-то находить определение он решать объяснение избавляться настигать одночасье укол удар неожиданный болючий одномоментный наталья сразу пытка 
24806	 мой голос быть давать я инструмент вдохновение мой друг орудие пытка мой враг сказать однажды 
24806	 я конечно понимать это мой отец он замечательный благородный человек который пытка оговаривать никто себя 
24806	 петр убивать пытка замучивать смерть болезненный слабый 
24806	 непреодолимый желание пытка терзать он придерживать мальчик замедлять 
24806	 этот способность он приобретать еще юность она показываться он настолько важный практичный единожды проделывать это он приниматься тренировать тело контролировать несознательный движение сон сперва превращать ночь жестокий пытка умопомрачительный дрессировка плоть лишать естественный 
24806	 вина свой он так признавать выдерживать пытка лагерный администрация держаться независимо 
24806	 семеро признавать она вдова правда трое пытка 
24806	 почему почему этот пытка трижды присниться он 
24806	 она признаваться она быть дочь пытка 
24806	 это я распинать канат пыточный клеть конунг кстати пытка князь рюрик прежде мы 
24806	 он схватывать он мочь признаваться пытка кто приказывать он убивать родной 
24806	 я быть твердить это самый страшный пытка клясться память мать 
24806	 она уже смиряться собственный судьба внутренне надеяться угадывать хотеть она услышать грозный боярин угадывать весь сделать то убивать она пытка мучительно медленный казнь 
24806	 такой образ ты избегать мучительный пытка еще более мучительный казнь 
24806	 я отсиживаться генуя сорок четвертый он рассказывать похищение муссолини прятаться все враг друг погреб пиццерия кривой джакопо серпенто пицца приходиться есть завтрак обед ужин запивать молодой вино уже месяц это превращаться пытка 
24806	 шпунтик левинсон собираться пытка прозвище 
24806	 стоить что-нибудь случаться он он разом оборачиваться нечистый сила я казаться его глаз наливаться кровь гневный хрип булькать глоток трость превращаться орудие пытка 
24806	 что я думать что отрекаться неврозный пытка рано поздно я все 
24806	 сам трусить издавать звук потому кружить кровать пытка колесо душить водочный 
24806	 он стоять милиционер пахнуть халва печение чайхана они прилавок ненавидеть он пытка выдерживать этот запах 
24806	 слабость он обнаруживать нельзя отчаянный порыв прекращать этот пытка он выскочить заорать 
24806	 существование лео удар палец один тот клавиша монотонный китайский пытка 
24806	 она придумывать еще большой пытка выпускать огненный дракон сегодня 
24806	 тут один черт милосердный сообразительный остальной опрометью выбегать палата несколько секунда музыкальный пытка кончаться отец 
24806	 осторожный капание голова вода чайник такой быть дикий метод последующий ее стекание лицо шея быть вполне подходящий пытка 
24806	 г отношение заведомо несовершеннолетний лицо заведомо виновный находиться беспомощный состояние материальный иной зависимость виновный равно лицо похищать захватить качество заложник д применение пытка е группа лицо группа лицо 
24806	 тот деяние соединять применение насилие издевательство пытка 
24806	 говорить лагерь я быть жертва жестокость я стоять опасность смерть пытка я каждый минута мочь говорить 
24806	 механизм исповедь известно приводиться движение раскаяние сознание греховность чувство вина содеять угроза наказание пытка 
24806	 наслаждение вспоминать приезд пайерлс то более они подвергать я пытка английский язык 
24806	 стрелец пытать его сам один они протоколировать все доктор говорить пытка этот человек мочь быть 
24806	 ника известие быть он сказать я выходить тюрьма один друг его отец сообщать нквд бить заключать применять пытка 
24806	 это быть легенда полстолетие я подтверждать это другой его однокамерник специально находить я пытка новость ленинград быть 
24806	 я это коробить я быть издавна мальчишеский интерес образ пытка казнь еще время 
24806	 ты он находить попытка пытка па апиток питок вэрный 
24806	 он мгновенно скидывать может правда применять допрос пытка последний день он 
24806	 посудить сам такой кровавый след дорожный происшествие мой участие обходиться жертва три час втора участник происшествие погибать вместе пять свой сотрудник сутки тягач след столкновение быть обнаруживать можно так выражаться обрамление труп девять покойник они женщина след нечеловеческий пытка убивать тот 
24806	 ты хотеть я устраивать ты пытка 
24806	 нужный уже пытка наркотик сажать парень 
24806	 кончаться этот пытка я поздно мама 
24806	 продолжаться этот пытка тот пора клара 
24806	 горький его требование оставаться один один мальчик год четырнадцать вызываться рассказывать горький весь правда весь пытка который подвергаться заключенный физический 
24806	 персидский жена чей ребенок агафон ильич харитонов муж пытка персидский жена сталин считать осетин 
24806	 вышестоящий командование как специально устраивать пытка лишать сон 
24806	 пленный сажать мина говорить быть такой пытка телефон привязывать провод половой 
24806	 преступление большевик который россия быть равный время пугачевский бунт весь христианский мир время первый республика мочь смущать его душа разум потому большевик представляться он воплощение абсолютный всеобщий зло самость зло ужасный быть весь этот преступление организовывать поощрять большевик расстрел несогласный пытка подозреваемый захват заложник убийство священнослужитель 
24806	 суд который конечно мочь оставлять жить человек который давать бог кто-нибудь рассказывать какой пытка унижение они подписывать донос 
24806	 близко средний тетрадка он уже трудно скрывать свой недовольство тирания кнут пытка бестолковость спешный царский указ 
24806	 она смотреть они там они смотреть друг друг раненый глаз этот пытка быть конец 
24806	 кто осуждать мучение пытка он вытерпеть соглашаться 
24806	 судьба кобрисова мочь так решаться примыкать он тот двадцать пять который октябрь день панический бегство москва увезти куйбышев часть саратов там оказываться напрасный все их препирательство допрос стойкость перенесение пытка надежда оправдываться суд их 
24806	 ничто добрый обещать генерал столица где испытывать он унижение который улечься беспощадный память конец его день где один час быть он ссаживать конь растаптывать прах где лубянский следователь опрядкин ставить он колено угол шлепать рука линейка весь пытка мочь быть так 
24806	 летописец имам мухаммед тахир карахский писать этот страшный день защитник ахульго смерть больше избегать искать высокий благо окончание весь мука пытка 
24806	 стоить подчеркивать варшавский охранный отделение арестованный выбивать показание помощь пытка практиковать чин прочий подразделение 
24806	 тот поверять однажды количество непременно переходить качество наращивать децибелла пениться переливаться край монотонно увеличивать производство пузырь они наконец заполнять пространство время они становиться видно приговаривать пытка словом сам оратор 
24806	 научаться детство самоудовлетворяться он изнывать этот пытка воображение перенапрягать плоть надежда 
24806	 еще плохой пытка быть потерять короткий 
24806	 помнить ночной кошмар я предлагать калмыков заменять сад пытка страсть грудь костюмерша эффект 
24806	 быть молчать это должный последовать пытка кстати презрительно двоечник 
24806	 лимон указывать мы маленький креслице орудие пытка сам садиться один 
24806	 я проходиться зал интересный здесь орудие пытка дыба 
24806	 вдруг зазвонить телефон тяжелый железный трубка тесный военно-морской зажим похожий орудие пытка труд вытаскивать 
24806	 мы ляля зайти очень маленький очень дорогой я сказать изысканно извращенный бутик там белье черный жгут выглядеть белый тело орудие пытка 
24806	 мы знать это наш сердце разрываться невозможность помогать облегчать он этот становиться пытка дорога 
24806	 мы очень нужный быть лошадь потому мы трое оставаться ровный счет три здоровый нога последний километр представляться мы пытка 
24806	 что ты признаваться пытка я друг 
24806	 скоро он расстреливать рано пытка лишать рассудок выбивать 
24806	 первый человек власть перечить это вовсе порука его защищенность второй операция производиться чекист какой-нибудь многомиллионный меньший масштаб производить быть деревня тот который мы давать себя труд ужасаться третий следствие заключенный бить показание их давать пытка они мы вправе 
24806	 год война он быть арестовывать трагически погибать тюрьма пытка 
24806	 догадываться государь быть казнь она одеваться белый шелковый платье черный лента сомнение надежда красота ее уже поблекнуть пытка заточение производить впечатление 
24806	 я потерять власть себя я покрывать пожирать поцелуй этот прекрасный грудь который казаться создавать любовь наслаждение мой дерзкий рука ласкать этот алебастровый шея я дрожать я переносить пытка 
24806	 он жечь огонь уста проникать пьющий пламень подавлять крик славословить бешено пытка 
24806	 я сам она убивать я подспудно хотеть ее смерть потому мочь больше выносить пытка любовь 
24806	 надо никакой котел кипеть смола плохо любой пытка 
24806	 мочь быть знать пытка каждый секунда ощущать себя жить 
24806	 мочь случаться человек уписываться ожидание пытка беглый взгляд набор 
24806	 известный все подвальный пытка тот год я поражать присутствовать 
24806	 сила вытерпеть этот пытка он сорвать трубка рычажок 
24806	 известь белый санька стойко выдерживать этот пытка успевать соображать что 
24806	 этот пунктуальный самоэкономия этот педантичный пытка бедный женщина будить я 
24806	 никто должный подвергаться пытка насилие другой жестокий унижать 
24806	 каждый оперативный совещание быть настя каменская пытка мука мученический она чувствовать себя 
24806	 наверное ты мысленно готовиться описание допрос избиение пытка нечеловеческий мужество цып который 
24806	 подобный эпизод назло один другой запузыриться память он пытка никогда рассказывать этот 
24806	 это религиозный изувер подробно разрабатывать порядок допрос способ пытка добиваться несчастный попадать 
24806	 иметься много достоверный рассказ факир религиозный фанатик средневековый ведьма колдун свидетельствовать то состояние экстаз они утрачивать чувствительность боль поразительный стойкость переносить самый невероятный истязание пытка т п 
24806	 один письмо эрнст тельман рассказывать он подвергаться пытка 
24806	 священник грандье давно подозревать связь дьявол нечеловеческий пытка он быть сжигать 
24806	 мочь быть она вырывать он пытка моральный физический 
24806	 братский гэс печататься исторический инерция долгий время мочь оставаться один последний библиотечный источник молодежь узнавать часть правда время террор пытка 
24806	 разумеется никакой пытка избиение прочий привычный 
24806	 я замучать ты насмерть пытка диктаторский застенок ты 
24806	 он понимать ольга сейчас задыхаться этот чудовищный жара этот каморка крик толпа становиться громкий он тут соображать духота быть главный пытка 
24806	 я сам придумывать вы этот схема выбор предательство пытка выбор потому давно хотеть 
24806	 она воевать первый наивный представление земля покоиться сказочный слон черепаха развенчивать библейский легенда рваться сгорать истина костер пытка всегда весь век 
24806	 как выглядеть например явление летаргия глаз простой предубеждать наблюдатель быть погребать заживо сомнение один ужасный пытка когда-либо выпадать доля смертный 
24806	 искусство воскресать казнь пытка бить кресало о 
24806	 так набег образ более широкий емкий один определенный сражение конкретный подробность его например пытка патрикей быть почерпать летопись 
24806	 нашествие татарин битва натурный эпизод церковь пытка патрикей 
24806	 вряд уже увидеть фото умирать кувейтский ребенок жертва пытка казнь кувейтец вообще 
24806	 мы государственный интерес блюстись спешить поэтапно первый этап пытка недоверие самый дело биомос 
24806	 выдерживать спасение жена несколько голодовка пытка искусственный кормление он никто 
24806	 этот письмо эйха отрицать свой виновность предъявлять он обвинение сообщать то он оговаривать сам себя потому он применять ужасающий пытка бить больной позвоночник 
24806	 я много рассуждать процесс объяснять признание обвиняемый пытка 
24806	 бухарин очевидно внушать вы показание достигаться пытка 
24806	 два неделя отец мучительно умирать сидеть кресло лежать дышать вовсе мочь это быть пытка камера вспоминать последний день 
24806	 вместе то это быть типичный тот время допрос пристрастие применение пытка психологический воздействие цель 
24806	 ужасать пытка лефортовский тюрьма я слышать 
24806	 я успевать спрашивать асвердлов какой цель он хотеть подвергать я пытка вдруг по-видимому сильный 
24806	 самый страшный пытка вы уже совершать андрей яковлевич 
24806	 шмидт снова подтверждать свой клеветнический показание прощаться якир действительно тайком сунуть он рука заранее заготавливать записка который сообщать ворошилов свой непричастность террор объяснять показание вызывать пытка 
24806	 что он символизировать никогда мочь добиваться пытка цецилия твой часть 
24806	 я привередничать палочка быть пытка это вы никогда 
24806	 уверенный никакой другой нормальный человек этот пытка вынести смочь 
24806	 нота я уже говорить мы принципиально писать вкус человек отличаться наш добиваться он два нужный нота быть пытка мы 
24806	 так быть задумывать пытка развязывать язык 
24806	 весь это накладываться такой понятный мы отдаленный потомок страх темница пытка эшафот кивнуть люсин 
24806	 заковывать цепь епископ доставлять подземный тюрьма следственный камера где уже все быть готовый пытка пропускать блок веревка раздвижной 
24806	 это достаточный повод применение пытка 
24806	 этот случайный встреча секретарь кардинал быть избавлять пытка 
24806	 несколько день неделя все сначала ошибка исступление раскаяние пытка совесть новый убийство 
24806	 заговор раскрывать все смочь устаивать пытка тирадентис дрогнуть вынести 
24806	 мы крест связывать он тайна наш спасение тот время крест быть как страшный употреблять такой слово орудие пытка смерть 
24806	 потому еще забывать зотов объяснять она разница любопытство любознательность любо пытство любовь пытка любо знательность любовь 
24806	 где-то тайник его сердце душа оставаться надежда этот показание выходить рука безграмотный следователь мой фамилий писать они протокол их прочитывать кто-то высоко кто-то обладать способность логически мыслить там высоко понимать показание кольцов выдумка результат пытка много то 
24806	 готовиться свой последний слово суд доказательный опровергать все выбивать он следователь помощь пытка 
24806	 он отказываться весь свой показание они быть давать пытка угроза 
24806	 потому вынужденный оговор другой сам себя пытка еще один грань трагедия 
24806	 я узнавать человек пытка угроза 
24806	 человек который клеветать другой пытка доносчик 
24806	 пытка он нарисовать фальшивый картина 
24806	 главный вопрос себя ты как поводить себя там атака пытка 
24806	 никакой пытка ад заставлять я 
24806	 деятельность эйха я уже рассказывать шеболдаев читать материал посвящать шолохов весь трое погибать пытка посадить они поздно когда 
24806	 этот слово вы никакой пытка я заставлять сказать 
24806	 говорить попытка пытка дома ребенок плакать 
24806	 много время уже ваш разрыв твой теперь уже бывший муж вырываться порыв хмельной откровенность какой это оказываться пытка быть зять генеральный директор 
24806	 внимательный читатель обнаруживать проблема наркомания спор гомосексуализм размышление природа левый правый экстремизм рассуждение бессознательный партнерство жертва палач также психология пытка весь это равный мера 
24806	 сламывать пытка ремигий кричать свой преследователь мы 
24806	 вообще диалогический опыт достоевский проходить эко даром рассуждение сладострастие пытка звучать прямой перекличка 
24806	 время этот пытка мы биться судорога 
24806	 апрель год он писать сталин связь хлебозаготовки колхозник применять омерзительный метод пытка избиение надругательство 
24806	 следствие вестись видимо еще применение пытка то имя обвиняемый 
24806	 главный орудие воздействие большинство участник судебный процесс быть пытка истязание 
24806	 это сталин пристыжать орджоникидзе направлять он вырывать пытка ложный показание 
24806	 быть арестовывать подвергать пытка выживать п роботти зять 
24806	 спор обсуждение начинаться конференция страница печать заканчиваться нередко пытка расстрел застенок нквд 
24806	 год большинство этот капитан советский индустрия быть арестовывать многий они быть расстреливать умирать время пытка этап лагерь 
24806	 никакой пытка побои мочь он 
24806	 я рассказывать киев реабилитированный командир красный армия встречать улица следователь который подвергать пытка подследственный тут застреливать он 
24806	 вериться пытка мочь сламывать человек такой сорт 
24806	 могила этот преступник т е еще сидеть он подсудимый признаваться пытка весь мыслимый немыслимый 
24806	 сейчас широко известно слепо глухой это замечать делать вид замечать сформировываться страна режим первый очередь сам сталин его близкий приближенный ответственный чудовищный преступление иметь равный история гибель миллион человек пытка смертельный организованный голод 
24806	 я уже много знать ужасный преступление арест безвинный пытка голод насилие 
24806	 она арестовывать уже гибель муж застенок нквд подвергать пытка добиваться признание виновность муж 
24806	 берия его ведомство красный книга быть лаборатория проблема откровенность вероятно там заниматься химический средство растормаживание психика мочь технология пытка 
24806	 терминология международный амнистия эмнести интернейшнл международный организация выступать освобождение политзаключенный все мир пытка смертный казнь участник самолетный 
24806	 следователь это быть прекрасный возможность легальный пытка абстиненция можно быть уверять 
24806	 июль год я выдерживать пытка полный изоляция люся мысль 
24806	 прокуратура просто штамповаться дело человек сознаваться убийство осужденный казнить который потом оказываться полностью непричастный преступление т е их показание явно быть давать результат избиение другой пытка 
24806	 борьба фальшивомонетчик он глава монетный двор прибегать суровый мера участвовать допрос пытка 
24806	 как мочь такой хрупкий существо иногда ребенок мученица вера надежда любовь быть маленький девочка как они мочь выдерживать такой злоба такой пытка 
24806	 наш день доходить мученический акт где подробно скрупулезно записывать кто говорить описывать весь мучение который подвергать христианин какой применяться пытка 
24806	 рано римский закон предписывать хватать христианин заставлять они отрекаться вера они отрекаться применять пытка тот кто оставаться верный 
24806	 так земля посылаться душа наказание проступок мучение пытка 
24806	 уже детство пытка то ты хотеться 
24806	 пытка то другой давать много 
24806	 пытка то другой ребенок успевать 
24806	 все огромный пространство наш страна редакция весь газета книга журнал всегда повиноваться дирижерский палочка стоять пульт дирижер допускать допускать свой страница другой сообщение например беззаконный арест пытка быть один 
24806	 это получаться он достойный так он вражий допрос претерпевать пытка правый дело 
24806	 они ничто обещаться то они называть себя ученик христос ничто пытка слезать истязание смерть 
24806	 сейчас турок перекрывать весь дорога мы смочь находить обходной путь ты думать бранко выдерживать пытка угрюмо отвечать меченый 
24806	 отвиновский мочь быть тут задерживать убивать то подвергать пытка шанс вернуться он быть 
24806	 хождение уборная соборн оставаться он пытка 
24806	 всякий случай я изведывать рукоприкладство физический мучительство пытка сделаться непременный принадлежность допрос 
24806	 спрашивать наивность поторопиться рассказывать он задерживать незаконно предъявлять доказательство вина подвергать смахивать пытка многочасовой допрос вымогать признание 
24806	 заранее составлять список все кто что-нибудь мало-мальски выделяться объединять помощь провокатор лжесвидетель пытка запугивание преступный группа 
24806	 быть этот протокол целиком подложный следователь удаваться угроза пытка добиваться такой показание приходиться 
24806	 стремиться они захватить пленный пытка выведывать несчастный далеко 
24806	 они ограбить тамошний успенский собор схватывать соборный ключарь патрикей пытать он требовать указывать где спрятать сокровище тот молчать пытка умирать даниил его брат 
24806	 мы бить лишать передача лишать сон быть самый страшный пытка 
24806	 самый строгий закрытый военный суд неизбежно вскрываться факт пытка избиение 
24806	 слушать здесь все написать вышуупомянутый иоганн хербст прозвание опоринус задерживать снятие допрос настояние медицинский коллегия капитул храм сзятый петр угроза пытка подтверждать его учитель лекарь 
24806	 признаваться убеждаться обманывать я я приказывать подвергать раб пытка 
24806	 вообще лев я давно видеть словом приготавливаться допрос пытка 
24806	 железный дева подумать он покачать голова представлять себя этот средневековый орудие пытка нечто железный человеческий 
24806	 опыт попытка пытка усмехаться семенов попытаться 
24806	 помощь пытка опричник его человек узнавать 
24806	 я бояться лагерь выдерживать пытка 
24806	 это быть восприятие мужчина женщина который приходиться более стыдиться себя они преодолевать чувство вина они научаться отождествлять себя лжеотца создавать освенцим вьетнам камера пытка весь мирской церковный охранка 
24806	 все быть прекрасно никто вспомнить нога правда потому этот правда добывать пытка больно ударять нога 
24806	 вспыхивать чувство жалость любовь лизанька бурнашов раскрывать старинный записка великий смута казацкий атаман баловень пировать север людской кровь вместе гетман шелководский тот казак садиться деревня разорять повоевать основание крестьянин жженый мы видать много семьдесят человек мертвый много сорок мужик женка который помирать мучение пытка замерзать 
24806	 я смысл главный басмач обнаруживать проникать банда красный разведчик срывать он фальшивый усы допрашивать пытка тот выдавать свой 
24806	 тогда е начало х пытка казнь смерть предшествовать десятилетие 
24806	 почему город все это казаться нормальный этот дьявольский пытка издевательство 
24806	 этот грех целиком лежать я участник поход курить рекомендоваться я вытаскивать сигарета один походник фамилия который я называть пытка заговорщически подмигивать потянуться 
24806	 доводить сумасшествие свой пытка другой человек он терять 
24806	 устройство компьютер я как уже быть сказать ничто совершенно смыслить поэтому никакой связанный они тайна выдавать мочь пытка 
24806	 подвергаться такой пытка другой узник совесть я 
24806	 расстрел смерть пытка как мы быть трезвый 
24806	 рассмешить ты гуревич ожидание маленький пытка 
24806	 прохоров пробовать еще чуть-чуть развеселять гуревич пытка 
24806	 ты там находить орудие пытка робот который писать я 
24806	 я пытка признаваться нина юльевна что 
24806	 так называть кривая экзамен реформатский вывозить никогда студент легкомысленный неподготовленный экзамен превращаться маленький пытка сдавать покидать аудитория один счастливый 
24806	 время становление характер герой время его заблуждение то суметь они герой его товарищ пронести живой душа пытка одиночный заключение крепость 
24806	 душ слабый нитка она подставлять этот струйка темя готовый любой пытка 
24806	 читатель приготавливаться сцена обыск пытка ужас должный срочно 
24806	 он бояться унижение который он приходиться подвергаться время сеанс бояться пытка который быть подвергать его мужской 
24806	 тут он взять рука бумажка который его бисерный почерк быть перечислять весь мой пытка 
24806	 заря враг увидеть они обманывать заводить они сусанин глухой чаща верный гибель его ждать лютый пытка смерть сусанин вспоминать свой 
24806	 массовый террор население ставка страх пытка расстрел старик женщина ребенок 
24806	 наташа жена я хотеть чувствовать себя виноватый пытка честный слово 
24806	 медленно идти тяжелый груз это пытка 
24806	 я корчиться пытка менее позорный мука 
24806	 написать этот формула пытка продолжаться хороший два час я 
24806	 это говорить мученик первый век христианство это слово который они произносить свидетельствовать то бог христос они дорогой жизнь этот слово они себя предавать поругание пытка смерть 
24806	 тут быть пытка мучение издевательство мертвый 
24806	 то сухой вино это напиток пытка его усиживать еще надо 
24806	 вскоре двенадцать слава бог пытка этот кончаться 
24806	 историк вспоминать также многое как хорошо известный никогда произноситься петр тайный канцелярия день ночь работать преображенский пытка казнь служить средство наш 
24806	 я сова я утренний подъем настоящий пытка делать зарядка посоветовать лада удивляться 
24806	 такой он оставаться память инспектор проводы нерв ожидание пытка время исход горизонт 
24806	 хороший они быть вольготный лихорадка сбор пытка ожидание первый залп 
24806	 начинаться они пиршество генка очередной пытка время который он отсчитывать сотня 
24806	 он сказать данный удав нарушать междупородный договор гуманный отглота вести обрабатывать кролик издевательский разговор применять пытка вид колебание каприз 
24806	 имя дракон прикрывать застонать он выдерживать этот пытка быть здесь кто-нибудь 
24806	 заставлять заговаривать она быть невозможно потому тело белка вернее ухо быть никак приспособлять единственный известный тот время королевство метод пытка 
24806	 признавать он спускать вниз повторять пытка 
24806	 кто одноклассник быть это дело урок гармония я ставить обморочный троечка каждый экзамен я идти пытка дрожать рука расширять 
24806	 знать сегодня я понимать какой страшный пытка инквизитор быть вода 
24806	 брат немецкий коммунист бывший депутат рейхстаг сидеть концлагерь насколько я понимать его дальнейший поведение пытка гестапо сходить ум 
24806	 оставаться еще один день пытка быть я очень тяжко 
24806	 заявлять весь мир все весь гражданин воин свободный страна бороться фашизм также германский народ я заявлять немецкий солдат охранный отряд фашист совершать столь непостижимый ум зверство правый геббельс чернила наливаться кровь быть я угрюмый фантазия самый дьявол я придумывать подобный пиршество пытка смертный вопль мука жадный истязание 
24806	 ион овсеич язык вертеться слово народный поговорка услужливый дурак опасно враг приходиться молчать этот пытка мочь продлиться бесконечность 
24806	 какой-то садистский пытка погибать он соглашаться погибать 
24806	 представлять истлевать пленка кинохроника где бульдозер сгребать куча голый тело оставаться тысяча год легенда ад застенок пытка уже никто поверять 
24806	 рудзутак превосходный работник скромный честный станислав коссиор твердо хранить свой наивный вера коммунизм быть арестовывать чекист несмотря какой пытка хотеть возводить себя 
24806	 локкарт теперь понимать левый эсер ждать тот участь который выпадать они правый собрат впереди убийство пытка который сейчас можно 
24806	 можно пылко восхищаться прогресс слушатель хмыкать вспомнить пытка где-нибудь чили 
24806	 может потому устаревать сам слово пытка 
24806	 однажды он объявлять положение становиться безнадежный единственный оставаться этот массовый самоубийство слава социализм наемник подвергать все страшный пытка смерть джонстаунец доставаться 
24806	 объяснять прекрасно объяснять хорошо мы вы тут имя благородный цель то одобрять вслух иной вслух одобрять постыдиться как замечать китай террор их запугивать пытка убийство 
24806	 пытка начинаться сразу то как 
24806	 я идти шагать москва быть страшный пытка измученный шпион хотеть уснуть 
24806	 я желать тот вечер побеседовать он музыка кой что расспрашивать он данилов сидеть такой являться муравлев пытка теперь приходить себя 
24806	 ты быть этот зал где орудие пытка 
24806	 я очень высоко ценить деятельность эмнисть интернейшнл она борьба освобождение узник совесть пытка смертный казнь деятельность международный 
24806	 слово почти быть когтистый оно терзать он быть глупо терзаться рано он этот пытка знать рано он 
24806	 далеко север быть наш дом сейчас там стоять мороз заметать дорога утро приходиться вызывать бульдозер белый пар кровля выходить дом тепло недолгий пребывание камера пытка ранний весна год когда 
24806	 второй день обед зальцбург поехать экскурсия поблизости замок помещаться средневековый камера пытка 
24806	 все быть навеселе обед разбредаться хохот шутка громадный замок слоняться ход зал подземелье где полумрак висеть торчать дыбиться орудие пытка счастие один 
24806	 тихий волна понести сапожников он закачаться первый раз этот лютый год потому он становиться смысл сопротивляться потому первый раз он должный быть кто-то хранить навязнуть он облик хранить тогда весь облик быть разбивать он продавать четыре год длиться этот метель этот пытка он сдирать панцирь 
24806	 никто его коллега купить рынок глиняный кот пытка бесформенный серый кот розовый 
24806	 конечно специальный задание сверху применять пытка 
24806	 соль то молчать никогда я ты говорить пытка выдерживать оно 
24806	 сам себя этот облако быть уже лагорио м б пытка память вариант воздушный путь 
24806	 я знать уезжать я ехать душевный пытка 
24806	 какой пытка я болтун молчать уже целый 
24806	 он устаивать вчера аппетитный свиной голяшка горохов пюре хрен перетирать свекла желудок плотоядный бурлить сок давиться поесть творог овощ сегодня чертов баба страшно придумывать пытка 
24806	 христиан уже швырять растерзание дикий зверь аутодафе публичный казнь пытка огонь железо 
24806	 страшный побои пытка быть волынский злобный торжество 
24806	 он отменять пытка избиение подследственный продолжаться 
24806	 время съемка эпизод пытка патрикей я приходиться помучиться 
24806	 снимать сцена пытка актер играть татарин подносить 
24806	 ехать забинтовывать надеяться сосед купе принимать я герой резистанс который немец подвергать пытка они думать 
24806	 каштан ругать она опоздание таня находиться отвечать замолчать упрямо глядеть пол пытка она слово добиваться 
24806	 десятилетие мучить человек столовая быть запрещать давать обед выпивать целебный доза потом сказать это быть лекарство сам лечение обращаться пытка врач поумнеть честно это понимать 
24806	 он голова расшибать время продолжаться этот пытка сколько ломать выворачивать григорий 
24806	 все весь она переживать весь вынести измена муж смерть взрослый сын немилость старший брат позор стыд незаконнорожденный ребенок видеть свой заулок борька этот пытка быть свыше ее сила 
24806	 лиза быть пытка мука мученский идти задичалый 
24806	 вопиющий факт глумление человеческий личность факт зверский пытка издевательство который подвергаться араб 
24806	 перенести такой пытка она погибать становиться 
24806	 в-четвертых уже двадцать год нет массовый террор нет повальный арест ночной бандитский налет обыск издевательство нет пытка 
24806	 протрезветь рассказчик замыкаться спешить исчезать поезд перрон трудно ступать ревматический нога начищать ботиночек некто разыскивать человек подвергать пытка его отец 
24806	 известно очевидец страница официальный печать сталин существовать концлагерь они попадать миллион рабочий крестьянин военнослужащий интеллигент партийный работник религиозный деятель иностранец частность искать политический убежище ссср представитель национальный меньшинство мы знать многие доходить лагерь они замучивать пытка расстреливать доводить самоубийство 
24806	 они считать пытка тюрьма лагерь убийство преступление 
24806	 угроза запрещение научный деятельность сожжение неопубликованный труд пытка он вынуждать быть отрекаться 
24806	 бредовой сон ночной мысль рассказ другой рисоваться он последний обиталище где главный пытка быть то вокруг чужой старость никто 
24806	 лист переписывать документ тяжелый время шесть год назад галя умирать сам чуть умирать пытка горе архив 
24806	 мальчик это быть равносильный пытка держать ковш вода 
24806	 я сила далее живописать этот пытка это быть последний раз 
24806	 мы лежать прибрежный камень смотреть наш этап удаляться направление город навстречу пытка коллективный баня дезкамера 
24806	 преобладать боль они себя то чей-то дьявольский воля я обрекать пытка более страшный голод 
24806	 первый день здешний жизнь быть я острый пытка 
24806	 еще раз приходиться я наблюдать беличий мочь корчить человек мука угрызение совесть как сравнительно этот пытка ничто стоить тюрьма 
24806	 они превосходить мы умение орудовать топор кайло тачка далеко отставать мы умение выдерживать пытка 
24806	 стоять он идиот шелохнуться пробка перевертывать вверх нога пытка пейзаж пустыня гора 
24806	 они даровать он жизнь быть возможность физический существование то самый усугублять его пытка 
24806	 этот история я еще много то убеждаться разлука она быть пытка 
24806	 рождение михаил отец освобождать этот несчастный столь смешной пытка 
24806	 фильм никто коробить убийство пытка человек зритель протестовать 
24806	 когда-нибудь нужно умирать попытка пытка мочь еще раз посмеяться 
24806	 этот пытка быть ужасно истязание 
24806	 весь верующий стоять угроза пытка смерть мученичество 
24806	 ожидание возглас он смертный я пытка один я просить господь 
24806	 прочитывать например муция сцеволе полагать рука пылать жертвенник показывать свой презрение пытка смерть я сунуть 
24806	 можно приводить множество свидетельство то террор х год свирепствовать грузия сильно большинство другой республика здесь гораздо чаша выноситься смертный приговор пытка отличаться особый изощренность 
24806	 знать солженицын затхлый сундук вернуться арестованный е год коммунист они тот страшный каторжный лагерь след пытка истязание 
24806	 демократический франция уже потерпеть поражение индокитай долго вести еще кровопролитный война алжир время который весь алжир быть покрывать концлагерь пытка истязание становиться обычный явление 
24806	 михеев желать неиспытанный обладание ничто знать мы наставник ученик беседовать здесь печальный предел м этот некто многоногий доисторический ящерица бесконечный средневековый пытка идти идти ведать 
24806	 там шкаф рядом перхать репродуктор поблескивать орудие пытка кожаный саркофаг 
24806	 исследовательский установка ансуорт позволять растягивать палец усилие кг напоминать орудие пытка время инквизиция 
24806	 стоить воображать страдание самсонов чистый лист бумага его пытка неуловимый слово никитин испытывать 
24806	 возможный этот братский могила погребать герой очень слабый человек который вынести пытка гестапо становиться предатель выдавать 
24806	 еще час назад они везти я машина я готовиться что тюрьма пытка смерть тут 
24806	 дверь опять затрещать пытка слушать кто-то дверь 
24806	 допрос пытка несколько раз терять сознание 
24806	 я мало думать то ночь я мочь снова вызывать допрос подвергать пытка 
24806	 лефортово сухановка более строгий метод следствие лубянка бутырка часто применяться побои пытка 
24806	 особый поддержка заслуживать подымать этот организация международный кампания применение пытка 
24806	 потому самый дело злобность пытка 
24806	 ольга васильевна часто раздражаться может следовать боже мой теперь делать раздражаться напрасно несправедливо никак мочь перебарывать себя потому совесть говорить быть причина теперь этот воспоминание пытка оттого мочь час забывать 
24806	 кто находиться сердце настолько любить настолько верный непоколебимый любовь быть робкий иосиф потаенный ученик никодим тихий жена мироносица предатель петр юный иоанн кто находиться такой сердце тот устаивать пытка страх угроза оставаться 
24806	 девушка казаться самый страшный пытка вырывать она 
24806	 рано контрразведка соблюдать формальный законность теперь человек хватать разбор любой подозрение застенок применяться самый изощренный пытка многий видеть метаться город 
24806	 платонизм свидетельство раб приниматься пытка 
24806	 пытка быть адвокат мочь отклонять 
24806	 длить пытка он становиться судорожно глотать 
24806	 профессор в н таганцев желать давать показание он пытать заключать он пробковый камера держать он там день пытка провокация добиваться нужный 
24806	 тот расправа поволжьи саратов где чиновник ведомство дзержинский чекист озолин отрицать факт пытка арестованный где житель 
24806	 дискутироваться открывать журнал дзержинский еженедельник вчк допустимость самый настоящий физический пытка точка зрение революционный марксизм 
24806	 тот время подвал его ведомство идти пытка казнь концентрационный лагерь 
24806	 один рассказ шаламов говориться судьба заместитель начальник ленинградский унквд никонов сподвижник ежов заковский который время следствие раздавливать яичко этот метод самый страшный пытка который невозможно выдерживать писать 
24806	 как писать недавно один друг солженицын он удаваться хорошо другой высказывать что сказать миллион умолкать казнить убитый замучивать пытка каторжный труд что говорить 
24806	 изучение немецкий архипелаг гулаг входить задача солженицын он говорить ряд случай пытка гестапо бесчеловечный 
24806	 солженицын право нисколько отступать истина писать сталин начинать массовый репрессия миллионный депортация пытка фальсифицировать процесс задолго 
24806	 хорошо знать солженицын говорить другой место то религиозный идеология облегчать двухсотлетний зверство инквизиция сожжение пытка еретик 
24806	 пытка избиение она писать у 
24806	 видимо сванидзе сламывать ложный показание себя он давать тогда личный показание выбивать пытка являться достаточный основание расстрел 
24806	 они многое я открывать глаз рассказывать свой арест применять допрос пытка судьба десяток общий знакомый 
24806	 что он сейчас воспоминание зачем этот пытка ничего изменять нельзя 
24806	 потом он решать весь этот пытка происходить неподвижность оттого что 
24806	 мочь дождаться кончаться этот пытка 
24806	 тель-авив зверство политик пытка сень нато й 
24806	 один человек я видеть он время этот процедура слеза град глаз сыпаться веселый быть пытка кто смотреть тот смеяться 
24806	 потому бояться пытка концлагерь потому 
24806	 психопат отводить свободный рука рука сестра шприц пытка какой-то лечение сестричка 
24806	 падать обморок я уводить домой это кончаться мой ежегодный религиозный пытка 
24806	 я мочь показывать вы документ чудовищный пытка применять анненков 
24806	 анненков пытаться восстанавливать монархия помощь террор изощренность пытка надругательство человеческий тело превосходить 
24806	 жертва колчаковский полевой контроль лежать штабель стена след жестокий пытка быть они 
24806	 я запрещать телесный наказание пытка вы что-нибудь известно они 
24806	 уже конец роман клитофонт ложный обвинение приговаривать смертный казнь смерть должный подвергать пытка 
24806	 конец роман снова упоминаться этот война так случай ее окончание совершаться тот религиозный процессия честь артемида который приостанавливать пытка казнь клитофонт 
24806	 скоро бывать она человек сделаться он пытка 
24806	 страх отсчитывать время приближение он знать быть пытка каждый стул который 
24806	 набор старинный европа любознательный посетитель узкий квартал древний пивной обязательно всюду необходимый часть милый старина орудие пытка каменный темница поэтический легенда 
24806	 графа документальность отсутствие важный документ почему адвокат защитник потребовать медицинский освидетельствование подзащитный след пытка 
24806	 положение признание пытка государство полиция быть 
24806	 смотреть фильм меньший пытка тот показывать 
24806	 подвергать себя бодрый пытка читать хватать что-то внутри 
24806	 еще ложиться спать еще думать этот человек подсознательно уже страх ожидать очередной бессонный пытка 
24806	 другой больший половина дом лидия михайловна жить сам директор я идти туда пытка то природа 
24806	 следователь уже хватать горло сила угроза пытка быть общий прием кормить 
24806	 ты золото быть ты сам определять мера пытка мера выдержка свой будущий 
24806	 один тот татарин извозчик выдерживать все пытка золото 
24806	 исключительность который теперь письменный устный легенда приписывать му год видеть создание придумывать вино пытка 
24806	 такой простой здесь связь раз надо обвинять что то становиться значит неизбежный угроза насилие пытка фантастичный обвинение то 
24806	 раз дутый дело быть всегда насилие пытка быть всегда это 
24806	 верно сказать год так этот год применение пытка требоваться какой-то оформление разрешение 
24806	 можно поверять порхать мотылек рэмзя кларк то все министр юстиция понятие иметь догадываться мочь военнопленный который подавать он бумага нужный политический цель кларка то подвергать пытка 
24806	 так теперь слышать рассказ трепов то надзиратель готовиться порка боголюбов нарочно глаз арестант складывать двор пучок розга жест показывать быть пороть ощущать тот самый пытка ненависть бессилие 
24806	 партикулярный господин видимо агент крупный чин терять время докладывать профессор фармация трапп получать письменный предупреждение злодейский комитет то воздерживаться пытка арестовывать дознание что 
24806	 шиш узнавать никакой пытка заставлять гришка заговаривать в 
24806	 хотеть допускать тот нравственный пытка который вы я угощать 
24806	 где все прочее пытка воск железо галерея 
24806	 другой время андрей непременно зайти посмотреть орудие пытка меч употреблять казнь 
24806	 спор это быть много большинство считать пытка весь время изменяться 
24806	 словечко сказать правда пытка сказать они 
24806	 тело весь еще болеть пытка тайный приказ 
24806	 великий стратег щедро весело злорадно расправляться свой чужой весь его холеный человек бородка орден стрелять себя висок выбрасываться окно умирать чудовищный пытка проходить перешагивать друг друг 
24806	 идти покорно что спрашивать андрей приходить голова так безмолвно безропотный он идти расстрел пытка любой унижение 
24806	 сей пора всякий такой встреча вообще всякий прилюдный выступление трибуна я пытка казнь 
24806	 работа ася редакция превращаться двойной пытка угнетать необходимость иметь дело 
24806	 хорошо сказать я наконец попытка пытка 
24806	 то он быть истерзать пытка 
24806	 самый дело она трудно быть поверять мы начинать рассказывать пытка подземелье предательство 
24806	 главный быть мочь быть низменный самоистязательный тяга полюбопытствовать вмазываться этот пытка давно уже догадываться что 
24806	 они чтение тогдашний научный книга русский человек становиться пытка 
24806	 он голос повышать разговор то применять пытка 
24806	 самый главное чуть мы выходить берег он должный быть обязанный перепоручать мы забота старуха сам мчаться домой единый минута длить пытка переживать мать 
24806	 отсмеяться сказать убежденно он что какой пытка сказать 
24806	 он знать он угрожать он выдерживать пытка страх 
24806	 сомнение одолевать старик он идти пытка все идти 
24806	 довольно вспомнить пытка ревность который георгий терзать я 
24806	 величественный фасад размещаться отлично оборудовать следовательский кабинет помещение пытка каменный мешок подвал 
24806	 год я снова наблюдать стоверстный драма крохотный драма сдирать кожа общий ров свинец пытка который так избаловывать мы нашаэпоха 
24806	 испытание страх один самый страшный пытка она человек оправляться 
24806	 я слышать женщина котораягероически выдерживать весь пытка давать показание 
24806	 карцер башня пытка идиот сейчас сказать он 
24806	 этот слово все приходить ум картина адский пытка уготовать грешник загробный жизнь 
24806	 бессонов повертываться внезапно почувствовать мочь упасть оступаться неверный шаг пойти назад боль пытка увидеть громада 
24806	 потом горлышко фляжка он раздвигать парень зуб тот стон отклонять голова бессознательно пытка сопротивляться один рука придерживать 
24806	 разговор анна павловна быть он пытка 
24806	 вопрос вообще много мочь быть ответ пытка неуют сказать я переводчица старый 
24806	 она совмещаться девичий чистота открытость привычка буржуазный благополучие который разорение становиться пытка 
24806	 я выдерживать пытка провожать она 
24806	 этот раз пытка процедура просто уничтожать 
24806	 быть человек высокий героизм применять они достаточно длительный достаточно сильный пытка они также сломаться превращаться 
24806	 он начинать пространный путаный говорить несправедливость массовый казнь пытка глупый сановник ничтожество три член 
24806	 хорошо быть конечно вызывать звездолет активный действие пытка заставлять владычица землянин приказывать наносить 
24806	 пытка заставлять что-то сделать они 
24806	 декорация задник зеленовато-голубой который проступать зависимость содержание сцена колесо пытка рука кот держать роза 
24806	 тут быть мой ошибка то я понимать набивание колодка пытка боль 
24806	 здесь заседать трибунал здесь стоять дыба орудие пытка огонь уже гореть 
24806	 фальшивый письмо донос показание вырывать пытка слуга все быть пускать 
24806	 мочь быть естественный страх пытка смерть 
24806	 совершенно непонятно человек ослабевать потеря кровь пытка нуждаться уход полуживой мочь 
24806	 этот штатский мочь быть он намекать пытка 
24806	 потом он однажды попадаться лапа контрразведка выживать чудо изуродовать пытка быть вытаскивать сосед камера 
24806	 я ты принимать я ты почет оказывать ты весь я весь лай пытка михаил вдруг нестерпимо стыдно становиться 
24806	 минута отчаяние думать смочь спасать умирать пытка любимый женщина борша подписывать обязательство 
24806	 художник утверждать пытка казнь палачество удушение человеческий свобода 
24806	 потому истинный писатель мочь переживать молчание зажимать железо губа все остальное переживать мочь он нарушать молчание принимать голод пытка гибель близкий тюрьма непризнанность клевета 
24806	 грозный гром бой предрешать суд пытка казнь убийство угол 
24806	 дьявольский козни другой способ пытка шантаж провокация можно заставлять 
24806	 промежуток пытка мучитель грозиться кастрировать он 
24806	 два час ранчо быть взять бой два час сообщник ассумпсио вполне хватить увезти надежно спрятать полумертвый пытка узник 
24806	 они допрашивать он пытать ужасный пытка весь ночь 
24806	 еще один обстоятельство один два операция этот попутно послужить новый подтверждение то штаб валя находиться окружение партизан одновременно избавлять генрих шварцкопф чреватый опасность нравственный пытка 
24806	 так вы удаваться скрывать самый важный неизвестный противник сведение который иной случай вы несомненно вытягивать длительный пытка 
24806	 они поймать они самый страшный пытка выдавать немецкий рабочий 
24806	 как ты смочь выдерживать этот пытка 
24806	 различный мистический аксессуар клятва свет факел загробный голос оповещать измена дело член организация казнить весь родственник ослушник процедура испытание пытка весь это очень полезный так 
24806	 палач гестапо терпеливо усердно пытать он могучий сильный способный выдерживать самый ужасный пытка который другой менее стойкий 
24806	 весь возможный обстоятельство который человек мочь утрачивать власть себя пытка угроза казнь быть обсуждать 
24806	 прийти себя избиение пытка пассажир подопечный папка становиться яростно 
24806	 иоганн отчетливо сознавать добровольно сунуть голова пасть гестапо малый неточность документ какой-либо оплошность допускать они здесь мочь становиться он смертный приговор предварять тщательный допрос пытка 
24806	 какой пытка быть фашист глаз этот 
24806	 он открывать методика поиск выявлять тот кто следовать выявлять узнавать имя заключенный доблестный проходить весь пытка встречать смерть достоинство 
24806	 как он быть наивный самонадеянный утверждать копание грязный сумерки подполье искалечивать душа бессмысленный сладостный пытка ничто более 
24806	 это гораздо более изощренный заряд лицемерие демагогия опора откровенно людоедский программа гитлер прогрессивный научный популярный трудящийся социалистический идеология который являться очень удобный ширма обман рабочий класс усыпление бдительность интеллигенция соперник борьба власть коварный внезапный использование механизм цепной реакция пытка казнь донос запугивание 
24806	 менее советский человек погибать застенок нквд пытка казнь лагерь 
24806	 никогда думать пытка бессонница самый страшный 
24806	 потом пытка становиться невыносимый эслер сказать что 
24806	 что вы предпочитать моментальный смерть яд пытка гестапо 
24806	 вы быть спрашивать это пытка 
24806	 случаться знать мой имя раз вы произносить бред пытка означать мой смерть вместе 
24806	 кэт молчать ребенок она приходиться самый испивать горький чаша пытка 
24806	 этот хотеть перевоспитывать истаптывать то вздергивать виселица конечно я выдерживать их пытка тогда первый раз я 
24806	 он сказать шофер вероятно сламывать пытка подвал он больше 
24806	 весь команда мери диир капитан испанский фрегат приказывать суд следствие вздергивать рей томпсон его близкий помощник заковывать кандалы везти панама пытка вынуждать раскрывать тайна клад 
24806	 пират злодей редо далее пытка показывать 
24806	 взять камера пытка девчонка уже там 
24806	 полынов растерянно оглядеться схватывать стол какой-то орудие пытка похожий клещ 
24806	 второй глаз он заплывать видимо он доводиться побывать камера пытка 
24806	 малый попытка маскировать цинизм жестокость сладострастный предвкушение пытка который сейчас быть подвергать жертва 
24806	 аккомпанемент этот дискантовый звук я обрушиваться заключительный аккорд двухлетний пытка короткий фраза 
24806	 сидеть весь состав правительство татария допрос теперь разрешать физический пытка иркутск сидеть весь 
24806	 кругом говорить кампания избиение пытка 
24806	 чистый сердечный признание пытка о 
24806	 крайний мера клара побывать гестапо уверять орудие пытка безусловно вывозить гитлеровский германия 
24806	 мысленно видеть шататься выходить камера пытка окровавленный истерзать жертва 
24806	 плохой все пытка бессонница время следствие нарушать 
24806	 знать там этот застенок пытка сейчас я почти 
24806	 они никогда поверять можно вынести подобный пытка течение восъми девять час 
24806	 она говорить больше мочь вынести этот пытка 
24806	 я говорить то больной бред который вырываться человек пытка 
24806	 сидеть раскручивать его дело полный программа задержание подвергать пытка душить полиэтиленовый пакет игорь 
24806	 так писать свой книга пиночет политика пытка известный латиноамериканист бывший корреспондент английский 
24806	 все вы читать пытка испанский инквизиция все 
24806	 август год верховный суд чили лишать пиночет сенаторский неприкосновенность он быть возбуждать судебный преследование более обвинение похищение человек пытка убийство 
24806	 отличие расхожий мнение отчаяние умирать сам оно прекращаться физический смерть главный его пытка состоять то 
24806	 все возвышенный ждать кончаться минута молчание кто-то опять вытерпеть переполнять высокий чувство подниматься полный рост осуждать время оглашение приговор отец мухин упрямо размыкать уста так молчание превращаться уже почти каждый пытка стыд 
24806	 она опять обмякать объятие он великодушно прекращать пытка 
24806	 проходить долгий московский зима наступать весна такой невыносимый далекий страна день ночь время год она быть противоположный московский сезон доноситься вести новый расстрел арест тайный полиция убийство америка политэмигрант орландо летельер пытка английский медсестра шейла кессидеть отзываться 
24806	 надо быть вставать уходить вступаться поругать яростный гость ценность отличник урок обманывать любовник пионер продолжать завороженно внимать рассказ тюрьма арест пытка лагерь родной земля 
24806	 надо застонать будяев он собираться подвергать пытка 
24806	 суд обвиняемый один голос заявлять оговаривать себя пытка 
24806	 дагмара нравиться приводить он сюда вечер уже то приезжать отец подолгу сидеть машина играть он ласкаться отпрядывать испытывать себя прочность томно щурить колодезный темнота глаз который стоять звездочка говорить изнеможение потом весело заявлять ты знать я этот пытка хорошо спать убегать замыкать 
24806	 сейчас он вполне мочь поувечивать мизя подвергать его пытка самый его смерть 
24806	 следственный дело оставаться тот документ который играть рука следовательский версия выбивать подследственный иногда пытка физический 
24806	 ничто ограничивать произвол следователь угрожать пытка член семья мы 
24806	 неуважение интеллигенция это нынче неуважение память тысяча тысяча человек который мужественно вести себя допрос пытка оставаться честный лагерь 
24806	 корчиться стальной балка плавиться камень огонь бесноваться выжигать дотла все бывший здесь парад пытка страх надежда 
24806	 где-то он читать мочь быть слышать изощренный восточный пытка 
24806	 этот мысль приходить первый раз он голова он прочитывать речь обвинитель один московский процесс разговор пытка сказать тогда вышинский великолепный 
24806	 впервые наука право появляться понятие активный следствие спецпрокурор быть спускать шифровка пытка верить жалоба они 
24806	 каждый день расстрел убийство пытка она хотеться бежать иван 
24806	 немец что-то заподозривать мочь она подвергать пытка который развязывать язык кто 
24806	 этот женщина конфетный начинка посылать смерть свой сын спокойно смотреть он висеть забор теперь хотеть избавлять свой дочь пытка признаваться кто она приказывать убивать 
24806	 тут арестовываться андрей ксана их ребенок вера костя конечно пытка истязание они держаться стойко 
24806	 они спасать избавлять пытка мучение смерть надо 
24806	 мой они делать он привязывать стол камера пытка 
24806	 мучение несчастие горн этот мастер искушение мехи пытка преследование его молот 
24806	 описывать третий книга свой трактат устройство ад вникать весь подробность мучение который он подвергаться грешник гонорий забывать подчеркивать избранник рай быть наблюдать этот пытка страдание сие сделать 
24806	 я например страдать я пытка ты ничто 
24806	 дыра неизвестность он цепенеть пытка неизвестность старый испытывать прием оставлять 
24806	 пытка они хотеть заставлять он выдавать 
24806	 как страшный думать я погибать бомбежка неизмеримый страшно погибать рука гестапо дело пытка это быть что-то мистический 
24806	 совесть возрожденец мочь примиряться светлоумный муж смешать прочий грешник обрекать телесный пытка 
24806	 попов изобретать радио думать готовить всеобщий балаболка громкоговорящий пытка мыслящий одиночка 
24806	 попробовать попытка пытка потапов обещать давать сегодня рабочий 
24806	 изнемогать мучение страшный пытка палач акт позорный отречение 
24806	 преклонение великий послушание проходить его жизнь страх голод пытка сибирский каторга 
24806	 завтра государство признавать пытка подвергать бухарин 
24806	 он пытка показание выколачивать он сам 
24806	 тут лагерный человек хранить любовь жена мать лагерный невеста заочница который никогда видеть никогда увидеть свой заочно выбирать лагерный жених быть готовый любой пытка верность обездоливать лагерный избранник 
24806	 прикреплять земля становиться прикреплять хозяин земля потом служивый человек представлять государство войско хозяин получать право суд крепостной потом право московский пытка так она называть четыре век 
24806	 молчать что-нибудь это она пытка 
24806	 надо быть готовиться место далекий таборивать острить тюремный мрачно пытка выпаривание они ждать 
24806	 что скрывать он свой цель хотеть выпытывать сейчас михаил сидорович ужасать пытка страшно быть думать вдруг 
24806	 сила революция вступать союз страх смерть ужас пытка тоска охватывать тот кто 
24806	 слышать вы пытка подписывать следователь сказать он 
24806	 он прочитывать советский народ один один вести борьба германский фашизм возрождать средневековый процесс ведьма еврейский погром костер инквизиция застенок пытка 
24806	 заставлять честный добрый интеллигентный человек признавать себя наемный убийца то заслуживать смертный казнь позорный память можно пытка 
24806	 еще немного я пригвождать столб пытка расстреливать лук 
24806	 я мочь немедленно отправлять вы сад пытка ваш благожелатель кох 
24806	 сейчас он быть то то мало быть наблюдательный рюхин теперь пытка грузовик он впервые остро 
24806	 любовь он всегда превращаться пытка 
24806	 разговор этот трубка зуб вести компания трубочист их ведьмин хвост который прополаскивать они щель труба свешиваться их плечо низко сидение вместе остальной орудие пытка 
24806	 репертуар их песня самый несложный он никогда нельзя привыкать мочь привыкать ребенок яков дъарманьяк то приказание генрих они выдергивать каждый день один зуб мочь несмотря однообразие этот пытка 
24806	 заправский пытка что приводить гейне 
24806	 вместе то ирония все хотеть покидать перо сводить судорога палец гейне язык высовывать он свой мексиканский зверский пытка 
24806	 папизм изобретать ужасный пытка ужасный казнь человечество 
24806	 честь вы клясться понимать теперь понимать решительно я этот пытка выдерживать 
24806	 чего ты хотеть закричать я крепко сжинать ее маленький рука палец ее хрустеть она вскрикивать ее змеиный натура выдерживать этот пытка 
24806	 второй эпоха заключать себя достопамятный отношение казнь царствование императрица елисавета один сторона существовать тайный канцелярия весьма инквизиционный обряд пытка другой уничтожать быть 
24806	 жена вы приходить голова заставлять ребенок так тошнотворный подробно расписывать решение задача действие который он ум решать секунда это самый настоящий пытка гарантировать способ отвращать 
24806	 один сторона правило этот мир поведение добрый герой определяться три жесткий запрет убийство пытка зомбирование тотальный контроль 
24806	 я думать человек узнавать почему иоанн креститель молиться головной боль великомученик артемий быть пытка убивать огромный камень который 
24806	 накануне я быть передача савик шустер где обсуждаться ситуация расформировывать батальон торнадо известный пытка изнасилование так далее 
24806	 я попытаться выяснивать сдавливать щенок горло орудие пытка дора презрительно отвечать это 
24806	 ты угрожать побои пытка смерть давать бог 
24806	 что теоретически открывать широкий окно возможность обоснование исковой заявление скажем родственник жертва массовый расстрел жертва изнасилование пытка 
24806	 минувший неделя оформлять свой версия стопа лист совет федерация фонд династия нижегородский комитет пытка объявлять прекращение деятельность 
24806	 он эрудит оглядываться всемирный история писать жестокость революция казнь пытка садизм тюремщик 
24806	 она просить пить каждый глоток она пытка горло раздирать ангина 
24806	 свита самый страшный пытка я мочь рассказывать 
24806	 звать андреа фамилия спрашивать я она пытка вспомнить что-то шипеть длинный 
24806	 старый добрый пытка всегда надежно этот правозащитный 
24806	 причинять я господь довольно обтекаемый реестр пытка тот вряд 
24806	 долго он вить этот нить когда-нибудь все кончаться штука быть то выдавать крошка бесполезный они правда самый нестерпимый мгновение пытка когда еще хотеться оставаться 
24806	 испанец гарридо написать древний патологоанатом триллер расследование пытка предательство секс охота 
24806	 черт раскалять сковородка нет мука пытка слово окружать местность поражать 
24806	 они меняться пить чай звонить домой флиртовать медичка который вызывать человек пытка терять сознание 
24806	 шофер перевозить арестованный уборщица замывать пол пытка начальник железный дорога направлять товарняк 
24806	 вы знать сказать я он вы работать настоящий гестаповец мастер пытка его все бояться бомж 
24806	 вечер она становиться делиться свой любовный переживание пытка время инквизиция хромой 
24806	 два месяц этот центр пытка умирать мой друг который 
24806	 каримов позиционировать нынешний узбекистан его коррупция пытка авторитаризм демократический правовой государство 
24806	 пытка обвиняемый называть качество сообщник 
24806	 я это пытка постоянно держать круговой оборона 
24806	 причина предательство мочь становиться соблазн например невыносимый пытка 
24806	 история наш страна время правление сталин знать множество пример очень достойный человек пытка подтверждать все 
24806	 столб отвечать я это казаться такой древний пытка вода где находиться столб 
24806	 режиссер писать униженный письмо глава госбезопасность генрих ягода просьба помилование родственник получать рука обезображивать пытка тело 
24806	 мейн хаус муж ле шиффр фильм казино рояль актер мадс миккельсен цитата пытка вовсе обязывать быть изощренный 
24806	 год начальство подвергать ее настоящий пытка отправлять младший школа 
24806	 интересно сталин требовать максимальный разработка версия международный характер заговор давать личный указание следователь мгб активно применять работа подследственный пытка 
24806	 склон сплошь порастать древовидный кактус прямой свеча их кривой боковой побег похожий изувечивать палец раб терпеть пытка 
24806	 суббота быть москва другой мероприятие серия одиночный пикет мирный прогулка пытка похищение 
24806	 отставка он уходить еще сентябрь публикация видео тюремный пытка 
24806	 начинаться техно я показываться голова мой прилаживать насос воздух качать туда тот еще быть пытка прочее оттуда 
24806	 день бунт колония копейск здание фсин москва проходить пикет пытка 
24806	 возможно петр леонидович догадываться пытка ландау мочь выколачивать любой 
24806	 третий день общение они я почувствовать сурский тот кто я ждать свой маленький увлечение самый го класс начинаться мой новый пытка чувствовать себя андрей виноватый 
24806	 я кажется наделать глупость посылать он роза письмо мочь больше выдерживать этот пытка вчера гадать решето 
24806	 итальянский гиперреалистический хоррор тип ад каннибал городской легенда снаффа видеозапись реальный убийство пытка изнасилование садомазохистский комикс хидеш 
24806	 допрос иметь цель добиваться признание японский власть связь советский разведка что создаваться исключительно тяжелый рассчитать моральный надлом человек обстановка применяться различный род угроза мера физический воздействие быть пытка 
24806	 роль солдат манчжоу го блеск исполнять советский гражданин китаец поднатореть год гражданский война пытка убийство 
24806	 предварительный следствие год репин показывать выдерживать продолжаться течение день истязание пытка рассказывать японец получать 
24806	 это весь пытка позади можно наконец 
24806	 наш уровень агрессия уже уменьшать беспорядок увеличивать они пытка полиция ненависть 
24806	 сажать нужно наверное часто многий преступник уходить наказание тюремный срок нетяжкий преступление должный быть отменять уменьшать оправдывать пытка непомерный срок война экономический 
24806	 где-то здесь коломенское располагаться по-видимому библиотека тиран либерия он она называть изувер прочь быть почитать досуг любимый развлечение царь батюшка оставаться пытка 
24806	 он бояться смерть он бояться пытка думать он 
24806	 выбивать пытка признание объявляться царица доказательство 
24806	 тот случай пытка срабатывать судья вполне мочь 
24806	 прямой вопрос выстрел лоб пытка анжела снова валиться постель 
24806	 каждый секунда медленный капля темечко средневековый пытка черт это 
24806	 конец она научаться книжка читать сидя этот самый шпагат м пытка какой-то слышать вы 
24806	 слышать вы сан иваныч средневековый пытка рассказывать 
24806	 история герострат древнегреческий город эфес малый азия территория современный турция яркий пример тщетность административный запрет герострат сжигать храм артемида один семь чудо свет древний мир сжигать умышленно знать обрекать этот преступление подвергаться лютый казнь изощренный пытка сжигать его имя обретать 
24806	 тот пытка много наболтать что 
24806	 так бывать пытка весь врать человек 
24806	 любой страна европа я подвергать китайский пытка теснота бессонница засовывать восемь 
24806	 парк трамвай убогий зрелище дышать выхлоп пытка мы долгоозерный 
24806	 синодик опальный указывать умирать тюрьма пытка например там победитель татарин 
24806	 почему рассматривать его личный качество который послужить почва реализация такой исторически зафиксировать факт любовь наблюдение казнь пытка личный 
24806	 население облагаться непосильный налог взимание который иван грозный применять пытка казнь 
24806	 наезд фабрикация спасать расплата уничтожение промышленность продажа китай нефть газ цена ниже внутренний потребитель недвижимость майами лучезарный берег франция пытка задержанный разгон мирный демонстрация 
24806	 десяток тысяча мирный житель проходить концентрационный лагерь который минимальный данные быть умерщвлять голод холод непомерный рабский труд пытка издевательство расстреливать 
24806	 княгинин алексей вы багаев бессовестный выдергивать цитата этот животное который подвергать пытка жестокий обращение каждый пленный 
24806	 мужчина обращаться комитет пытка его слово февраль 
24806	 я быть пытка проходить весь двор 
24806	 я доносить брат доносить они закинуть багажник избивать использовать такой пытка 
24806	 сходить берег юноша небогатый пожитки вынести чертеж свой изобретение попытка пытка честолюбивый сэм останавливаться 
24806	 много десять год нижегородский комитет пытка стараться снижать уровень милицейский насилие 
24806	 надо сразу сказать такой эксцесс жестокий обращение пытка правоохранительный орган они происходить 
24806	 мы пытка расследоваться виновный ответственность 
24806	 мы пытка расследоваться виновный ответственность 
24806	 поэтому запрет пытка который мы существовать 
24806	 наказывать потому суд мы плохой кто-то прощать этот милиционер потому жалоба пытка никто расследовать 
24806	 избиение пытка электроток рука нога 
24806	 привлечение ответственность быть система пытка существовать качество исключение 
24806	 каслер слепящий мгла следователь рассказывать герой целый ряд пытка возникать рутинный 
24806	 случайно бурный рост психологический служба начинаться мы время чеченский кампания почему наш общество мириться пытка сейчас кто-то быть стрелять 
24806	 говориться гражданский контроль полиция надо говорить то полицейский подходить вежливо подсказывать я вы идти й дом й пытка 
24806	 то россия быть пытка весь как знать 
24806	 то россия быть пытка весь как знать 
24806	 юридически пытка мы отменять еще екатерина 
24806	 пытка применяться почти каждый задержание 
24806	 быть негласный разрешение пытка этот дело 
24806	 никто это стесняться палач регулярно снимать пытка видео они кочевать 
24806	 понятно условие война пытка неизбежный несмотря какой 
24806	 большой счет болезнь помогать пытка решать проблема терроризм я вы 
24806	 алексей яковлев жена итальянец довезти водный центр они ждать самый страшный испытание точно пытка 
24806	 я думать сомневаться это самый тяжелый пытка воин 
24806	 неподготовленный слушатель классический музыка вполне мочь некоторый случай превращаться невыносимый пытка пример подавлять 
24806	 это настоящий пытка потому ты 
24806	 последний этап процесс сводиться попытка добиваться бруно отречение они использовать весь средство прение богослов пытка 
24806	 туфля неимоверно жать испанский сапог средневековый орудие пытка испанский инквизиция 
24806	 образ валерий портить еще кроссовок жар берец превращаться пытка испанский сапог 
24806	 христофор рассказывать христос потрясать каллиникия акилина поклясться завязывать греховный жизнь принимать святой крещение их ждать мучительный смерть пытка деция надоедать успех псоглавец проповедник 
24806	 смерть пытка а труп еще быть дергаться 
24806	 кирилл казаться его сам выгибать корчить пытка 
24806	 как оклематься надо повторять так бить сдавать автобус пытка напоминать пробормотать валерий ты 
24806	 житель хотеть уходить они сжигать вместе скит расколоучитель рвать пытка поле вытаптывать 
24806	 я попытаться выяснивать сдавливать щенок горло орудие пытка дора презрительно отвечать это 
24806	 ты угрожать побои пытка смерть давать бог 
24806	 тиара сикст стоять сторона левый угол холст орудие пытка варвара один ее атрибут 
24806	 ингушетия начинаться суд назир гулиев илез нальгиев милицейский начальник который обвинять бесчеловечный пытка задержанный 
24806	 боткинский он хорошо лечить туда он приезжать инвалидный коляска это четыре месяц пласт пролеживать больница назрань грозный пять день нечеловеческий пытка 
24806	 шесть месяц ходатайство следователь который вести дело пытка сделать судмедэкспертиза 
24806	 выходить свобода он давать показание оговаривать зелим пытка 
24806	 жалость феодосия она освобождать она надобность соблазнять охранник арестованный истома зрелище истомина казнь старушка смерть пытка арест финал 
24806	 так совсем понятный сарказм попытка пытка стараться 
24806	 настя несколько случай заключать протестовать пытка вскрывать себя вена рука 
24806	 настя человек выходить такой пытка здоровый план здоровье 
24806	 евгений тамошний хозяин скоро все давать разрешение попыткан пытка пробовать ехать быть шибко 
24806	 они перерыть святой город допрашивать его житель подвергать их жестокий пытка разузнавать где скрывать знаменитый 
24806	 проходить чуть далеко можно узнавать рука вивисектор кровь животное раб человек вообще хватить получать зарплата пытка 
24806	 помниться бабий причитание шешковский который самолично провожать подвергать пытка дверь пытаться помогать 
24806	 многое забываться сам фомин почти забываться умирать пытка княжнин давно напитываться влага 
24806	 девица заведение часто меняться также привлекать клиент пытка телесный офицер купец вал 
24806	 поездка школа ребенок инвалид часто превращаться пытка 
24806	 опять они поле выгонять долбать этот ямка опять проклинать все хотеться заканчиваться быть становиться этот ветер мертвый земля лютый белый полыхнуть останавливаться глаз смертный стужа радость пробуждение этот жизнь пытка 
24806	 она давать умирать пытка давать умирать я согласный 
24806	 он отказываться осуждать июньский демонстрация протест выступать жесткий критика власть который его слово проводить показательный судебный процесс сталинский помощь средневековый пытка пытаться выбивать обвиняемый признательный 
24806	 жена стараться всегда удаваться заставлять себя совсем совсем совсем пытка он я отказываться 
24806	 убивать ким ир сено жена вкус цвет говориться я албанский попс самый отвратный пытка мир автобус приштина 
24806	 год феодосия морозова ее сестра княгиня евдокия урусов пытка дыба бросать земляной 
24806	 потом острый боль весь тело приводить себя опять начинаться борьба сам себя кто придумывать этот ужасный пытка конец мой нога как 
24806	 он наверняка заявлять отказ пытка летать тюрьма то подобный 
24806	 глебов прикрывать свой единомышленник спасать жизнь евдокия страшный пытка что виниться 
24806	 мы ничто мы железо жгет пытка пытать 
24806	 глянуть он пытка едва нога держаться 
24806	 одиночество кто поделиться наболевший сродни изощренный средневековый пытка особенно вынимать душа проклятый 
24806	 стоять отвертываться стена он поставлять угол себя жертвовать пытка претерпевать значит плохо пытать желчно 
24806	 говаривать любимый вождь страна бесплатный совет попытка пытка 
24806	 ты пятнадцать год арестовывать обвинение шпионаж троцкизм ты невысокий ссутулиться скупиться экий дылда седой профессорский бородка строгий человек становиться староста камера выдерживать все пытка быть защищаться научно избегать оговор 
24806	 панический атака продолжаться несколько минута этот время человек переживать такой ужас некоторый несчастный умудряться прыгнуть поезд двухсотый этаж прекращать пытка 
24806	 ученый неминуемо ждать судьба итальянский философ джордано бруно который говорить бесконечный множество мир вселенная несколько год пытка святой инквизиция заживо сжигать он 
24806	 христианка она подвергать жестокий пытка обезглавливать 
24806	 все прочее усаживание кол утопление пытка сожжение двоечник обсуждать дисциплина 
24806	 знать слово страшно вызывать они освобождать мальчик вдруг испугаться то сделать действительно совсем затихать бессилие невыносимый жестокость этот пытка 
24806	 он нельзя она жалеть он жестокий он поливать ее ледяной вода душ успевать поймать себя мысль испытывать свой жертва жалость сострадание этот санитар медвытрезвитель получать удовольствие садист бедный врачиха она быть он куда добрый она он спасать спасать этот пытка саша сашенька нет молчать 
24806	 человек побывать пытка я выглядеть совсем плохо 
24806	 где-то наружность подвергать допрос пристрастие можно сказать пытка потому б п это 
24806	 человек похищать подвергать допрос пытка понятный дело он становиться сопротивляться 
24806	 я признавать хороший альтернативный сам себя приятный почему это влечь себя пытка вид словоблудие тема 
24806	 двое кордовер такой марран интересный брат близнец фигурировать список инквизиция сжигать оба следствие страшный пытка тысяча семьсот 
24806	 мучитель сон обрушиваться он весь свой невыразимый тягучий пытка 
24806	 вспоминать тоска дело то пытка оральный секс можно быстро 
24806	 начинаться первый схватка начинаться пытка звук 
24806	 ты представлять какой страшный пытка жить весь мир ты 
24806	 итог проявление становиться то пытка он подвергать новый допрос 
24806	 это его злоключение кончаться он устраивать пытка 
24806	 следователь счесть калдай имеетец помешателство ум прекращать пытка 
24806	 шпионаж подозревать незадачливый переводчик что он выдумывать история плен зачем подводить пытка безвинный бродяга волох 
24806	 они передаваться право шатость измена всякий человек роспрашивати они всякий сыск сыскивать кто что доходить пытка тот велетать пытати 
24806	 он еще раз должный быть подтверждать свой донос пытка 
24806	 уговаривать себя быть благодарный он выходить каждый его прикосновение чуть тошнить семья быть пытка какой-то момент я 
24806	 остап выносить терзание пытка исполин 
24806	 он отказываться осуждать июньский демонстрация протест выступать жесткий критика власть который его слово проводить показательный судебный процесс сталинский помощь средневековый пытка пытаться выбивать обвиняемый признательный 
24806	 каунасский представительство нечистый сила сегодня самый большой мир ворота арестант он музей пытка гааг 
24806	 находиться музей мдинь древний столица мальта который мало кто жить средневековый безлюдный улочка спуск музейный подвал они висельник человек голова дыба щипчики выдирание ноготь тиски сдавливание череп орудие пытка исключительно родной средневековый персонаж восковой 
24806	 отображать реальный исторический событие например пожар лондон год камера инструмент средневековый пытка 
24806	 страшный пытка расстреливать вознесенский кузнецов 
24806	 берия отменять пытка допрос ликвидировать специальный помещение 
24806	 сей пора спорный момент он показывать орудие пытка применять неизвестно 
24806	 книга этот действовать я пытка камень приваливать грудь 
24806	 просто уничтожать достойный человек память оставаться ее никакой пытка искоренять 
24806	 такой стойкость ян гус он презирать пытка смерть отстаивать свой концепция 
24806	 я быть заключать пятьдесят различный тюрьма семь раз я подвергать самый жестокий пытка писать впоследствии кампанелла 
24806	 час считать я мертвый прекращать пытка 
24806	 проходить чудовищный пытка разочаровываться свой сторонник кампанелла 
24806	 сей пора доподлинно неизвестно вестись допрос пристрастие быть применение пытка 
24806	 немногие суметь бежать быть предавать огонь изображение один иудействовать монахиня усугублять свой преступление то время пытка эскалер посметь умирать притаскивать 
24806	 все вместе модернизировать танталов пытка видеть око зуб нейметь 
24806	 девочка всаживать всаживать я мозги этот урод камержицкий по-видимому наслаждаться главный я пытка невозможность помогать 
24806	 там скамейка самый периферия мой зрение что-то мелькать мелькать мелькать мелькать вверх-вниз что-то продолжать производить мелкий крысиный быстрый страшный пытка поступательный движение 
24806	 двое сутки пытка слегка потеплеть потом повалить 
24806	 кто-то кончать себя ужас сказочный пытка госбезопасность лев шнирельман 
24806	 заявление похищение фигурировать пытка избиение лишение пища сон 
24806	 он похищать участвовать пытка заниматься разработка клиент 
24806	 начинаться смута кончаться смута гражданский война восстание крестьянин казак поход крым восставать рубить мелочь боярин лекарь пытка признаваться отравление царь 
24806	 разбор вещь нина становиться она страшный пытка 
24806	 быдло знать пытка они запытать бить слабый 
24806	 быть палач садист начинать шить невинный подросток дело ребячий игра война сильно мучить допрос давать спать пытка ничто нет ссылать год 
24806	 потом оставаться родитель пытка исчезать он казаться он 
24806	 вера партия чистота она то я подвергаться пытка оскорбление один час 
24806	 вано микоян нина сказать жизнь она быть пытка 
24806	 зачем делать жизнь хрен знать кто мы соскребывать все отражаться человеческий сердце подсчитывать численный перевес свидетельство любой пытка лживый что-нибудь 
24806	 дюкова доставлять в скопин розыск пытка он заявлять той жонка 
24806	 последний доступный мы известие он датировать август год это запись журнал тайный контора оный дюков следуетец розыск быть он ждать еще два пытка 
24806	 реалити-шоу где большой деньги можно купить реально снимать убийство реально снимать пытка дело вкус 
24806	 как везти девочка который выживать его пытка 
24806	 опять то говорить вы нечто католичный усматриваться ересь вы вправду свой дух отравлять конечно весьма похвально нынешний безумный время раз этот всуе поминать инквизитор быть дивный привычка бороть чужой заблуждение любовь милостивый снисхождение заблудший душа вполне ощутимый огонек квалифицированный пытка подобный то изобретение лукавый 
24806	 я сын вера вера молчание пытка песня расстрел 
24806	 там вы идти речь этот пытка 
24806	 главный герой фильм алекс проходить пытка кинематографический образ бетховенский ода 
24806	 примечательно недавний фильм роберт ниро ложный искушение посвящать первый год существование цру история носенко заканчиваться трагически выдерживать пытка он выбрасываться окно 
24806	 логика этот арест произвольный донос признание пытка любой информация так 
24806	 принародный лишать жизнь потенциальный наследник престол означать подорвать престиж монархия такой оборот событие быть царь выгодный поэтому петр поступать более изощренно он приказывать запытать сын фактически алексей убивать постоянный пытка прочий узник предусматриваться 
24806	 прочий узник предусматриваться перерыв истязание затягиваться рана алексей такой давать назначать максимально возможный здоровье человек наказание пытка удар 
24806	 ты сам человек убивать пытка 
24806	 тогда приходиться вместе он искать этот чемодан значит опять допрос пытка опасность мака что 
24806	 вообще-то ксива исходить мент большой доверие вызывать сам состряпать человек написать пытка вырываться 
24806	 любой вы подобный пытка сознаваться убийство тутанхамон 
24806	 наш читатель колесов оклеветать себя чудовищный пытка 
24806	 читальня погибать я оставаться наедине свой истинный нутро это нутро желать умирать бой пытка заранее соглашаться весь условие 
24806	 пытка прекращаться этот лампочка накапливаться 
24806	 настолько расходиться наш жизнь сознавать это становиться пытка 
24806	 еще ждать пытка я кончать она семидесятый 
24806	 некий стрелецкий женка ненила пытка выдавать остров 
24806	 авраамий пытка отступаться свой вера 
24806	 схватывать разбойник человек желать говорить где он прятать деньги плотник брезговать пытка огонь жечь старуха 
24806	 самый новый я представляться быть сказать этот область наш великий экономист теоретик кондратьев который погибать сталинский тюрьма долгий год пытка мучение 
24806	 быть сейчас касаться тот время он знать то вы сказать потом он действительно быть весьма независимый остроумный человек предпочитать политический тема обсуждать разговор близкий друг это быть его трагический история он сломать ребро пытка 
24806	 сам себя риторический структура весь его метание раз это заниматься обращаться он сам пытка дознание кто ты 
24806	 игуана похоже умирать весь мастерство вивисектор быть недостаточно заставлять она выдерживать подобный пытка 
24806	 вполне определенный семантический нагрузка нести этот план такой выразительный деталь посох жезл царь баллада толстой василий шибанов князь михайло репнина царский жезл символ власть превращаться орудие пытка убийство 
24806	 мелкий колючка начинать осыпаться разумеется все оказываться рукавица рубаха обращать рабочий день пытка 
24806	 лейла наморщивать нос кто-то покупать пытка джош цокнуть язык 
24806	 честолюбивый тщеславный раздражительный завистливый адамс его должность становиться восьмилетний пытка 
24806	 еще четыре день рассматривать специально подготовить выписка канцелярия принимать решение подвергать попцова пытка 
24806	 уже октябрь москва уходить высокий послание указание егор пашков замещать необходимость генерал-прокурор дело следственный канцелярия также разрешение применять нестеров пытка 
24806	 то менее заподозривать нестеров недостаточный искренность пашков ноябрь вновь распоряжаться подвергать его пытка 
24806	 весь этот пытка новый завет вынести иисус 
24806	 он случайно сделать пауза выжидать завершаться допрос пытка 
24806	 февраль застенок пытка он все повиниться 
24806	 он это повторять март привод застенок быть спрашиван пристрастие розыскиван являться жестоко больной апрель второй пытка 
24806	 поздно он рассказывать реальный биография пытка утверждать царевич называться 
24806	 это он приказывать бить батог русский пленный который отрекаться родина пытка несмотря то иван 
24806	 я опасаться пытка что данный случай я 
24806	 бумага компрометировать французский правительство он оказываться угроза пытка маттеоль признаваться отдавать они 
24806	 я представлять себя какой пытка он там приготавливать кость 
24806	 также он устраивать молодежный кружок собрание который объяснять учение христов филарет пытка год 
24806	 я снова сказать он владыка я выдерживать пытка пуля думать смочь принимать 
24806	 весь помощь самый усовершенствованный модерный техника позволять выслеживать поймать уничтожать надо пытка вырывать нужный признание 
24806	 он спрашивать откуда они безглазый пытка выдавать он безногий некогда бывший 
24806	 недаром америка предупреждать надо якшаться коммунист они сейчас носить крест заходить церковь банк часто камера пытка трибуна 
24806	 пожар вовремя подоспевать скандал получаться немалый двухдневный пытка негатив отпускать полтора месяц он 
24806	 он нравиться весь его история смена власть способ пытка 
24806	 телевизор сей пора снова снова демонстрировать легендарный поведение красный боец допрос белый изверг советский партизан пытка гестапо 
24806	 автор записка деланно возмущаться как так представитель высокоразвитый коммунистический человечество маскироваться местный житель планета где править бал средневековый варварство стискивать зуб наблюдать пытка казнь то подобный ужас 
24806	 страшный жажда быть помнить вероятно весь жизнь самый чудовищный пытка 
24806	 ошибаться академик оксман вспоминать весь пытка который он вынести застенок 
24806	 весь состоятельный еврейский дом ребенок здесь учить музыка ежедневный бессмысленный пытка 
24806	 постоянный сжигать страх какой-то чудовищный пытка скажем кастрация 
24806	 мочь исключать весь этот сцена гореть первый храм царь навуходоносор пытка зидкиа толпа еврей гонимый 
24806	 я пытка говорить так выражаться 
24806	 теперь ряд год мой уже ребенок говорить пытка стенограмма оказываться полезный приучать вслушиваться 
24806	 находить так знать радоваться огорчаться брат никто узнавать пытка 
24806	 нельзя исключать вероятность то весь этот двадцать восемь день быть череда издевательство пытка избиение 
24806	 втроем вчетвером старательный вершить таинство пытка вырывать я ноготь 
24806	 европа бразилия везде доставать весь находить пытка приказывать мучить резать 
24806	 я давать понимать конфиденциальность быть сохранять самый страшный пытка 
24806	 можно быть врассыпную кто поручаться один поймать партизан пытка выдавать товарищ 
24806	 можно быть врассыпную кто поручаться один поймать партизан пытка выдавать товарищ 
24806	 поначалу казаться этот пытка перенести имя наука быть 
24806	 шприц туалет там исчезать так попытка пытка я мочь очень 
24806	 выдерживать пытка медитация нужный здоровый 
24806	 богодухновенный книга апокалипсис уста смиренный апостол иоанн вкладывать вопль поруганный страдающий любовь господний видеть огненный озеро вечный пытка ввергаться сонм человек 
24806	 любимый час пытка принимать яд мешок вагон 
24806	 вспомнить советский время самый страшный пытка автолюбитель быть процедура снятие 
24806	 автор сергей голубицкий крест символ пытка я предпочитать знак доллар символ 
24806	 таков быть этот первый помощник как я дальнейший узнавать палач садист лично участвовать пытка заключенный 
24806	 я уже много знать ужасный преступление арест безвинный пытка голод насилие 
24806	 этот грабитель начинать выбивать он деньги пытка быть себя богатей изображать 
24806	 такой дело делаться огласка попытка пытка я взаимообразный все что 
24806	 правда обездвиживать мяч успешно уходить попытка пытка 
24806	 кончаться этот пытка родитель уезжать 
24806	 султан стоически терпеть первичный обработка известь вторичный мы безжалостно сдирать образовываться кожа корочка вновь повторять пытка 
24806	 знать отсылать сталин скорбный рассказ г зверский пытка идти январь 
24806	 отмазывать мешкова он быть нелегко попытка пытка возражать гуров припоминать 
24806	 вы знать пытка запрещать гаагский конференция 
24806	 рано этот башня доставлять пытка заключенный который содержать камера 
24806	 пожимать рука дидигов я никто заставлять пытка 
24806	 разрешать говорить вслух рано никто говорить пытка 
24806	 я такой игра сила мой характер мочь быть специально придумывать пытка 
24806	 это напоминать китайский пытка голова осужденный 
24806	 новый конституция раб допрашивать исключительно пытка 
24806	 он все сознаваться сказать верховный жрица пытка он сознаваться все в 
24806	 беренгария появляться шкаф делать умильный вид промолвить так он пытка пифка ты человек 
24806	 наблюдение сам иоанн вейер скальпель проводить полосной хирургический операция справляться подобный наваждение куда хорошо всякий род упражнение пытка предлагаться изгонять диавол экзорцист 
24806	 генеральный секретарь совет европа например предлагать выделять проект бюджет год комитет пытка столько средство 
24806	 похоже испанский партия все становиться пытка петер его команда 
24806	 тогда он приказывать умерщвлять митридат корытный пытка 
24806	 весь поездка близнец расспрашивать они видеть европа назаров вспоминать крепость нюрнберг она камера пытка железный дева который 
24806	 узнавать то индеец майя упорно желать отказываться язычество испанский монах диего ланда глава францисканский миссия центральноамериканский провинция юкатан гватемала устраивать массовый экзекуция пытка уничтожение вероотступник предание огонь 
24806	 даром бог скандинавский пытка придумывать китайский связывать локи 
24806	 тот кто устраивать я пытка невостребованность подозревать какой 
24806	 женщина посчитать нужный соврать пытка 
24806	 потом это прибавляться дикий ревность мой бывший девушка пытка ничто свой бывший 
24806	 придтись проходить этот пытка грязь 
24806	 никто должный подвергаться пытка насилие всякий иной жестокий 
24806	 этот путь быть удачный дело ценный добывать сведение провал арест пытка расстрел 
24806	 международный конвенция ликвидация весь форма расовый дискриминация ратифицировать наш страна март г конвенция пытка другой жестокий бесчеловечный 
24806	 успокаивать усиливаться раздражение британский военнослужащий недовольный сообщение возможный предъявление их сослуживец обвинение совершение пытка убийство гражданский житель 
24806	 думать быть уместный здесь приводить отрывок бестселлер всуворов аквариум который как нельзя хорошо подходить наш тема успех приходить тогда каждый тренировка доводить человек грань его возможность конец тренировка превращаться пытка человек кричать боль 
24806	 что гринберг он свой беда работать еврейский антифашистский комитет показание пытка давать оба тот число 
24806	 это путин павловский хотеть гражданский общество построить этот фон следующий путинский президентский кампания пропиаривать крутой правозащитник они весь затея сорвать запускать программа переговоры война чечня пытка ментовка туберкулез 
24806	 партия спрашивать сам себя главный герой роман мочь запускать рука прошлое утверждать то иной событие никогда происходить это наверное страшный пытка смерть 
24806	 сегодня цель почти достигать они ждать самый страшный пытка неизвестность 
24806	 сколько контролировать уровень сдержка противовес речь идти сложный система воровство этот изживать попытка пытка вы перечислять быть 
24806	 милый я вовсе общий дело нет этот общий великий дело каждый сам себя творить кровь пытка то винтовка 
24806	 пытка эмиссар дмитрий волгин суд 
24806	 основной упор защита сделать то отношение ахмед закаев россия мочь быть применять пытка 
24806	 бабицкий это проявлять осведомленность повод пытка российский тюрьма 
24806	 ниндзя думать честь расправляться враг один доблесть быть он ведомо он никогда выдавать где жить его семья его клан сказать это пытка закалывать себя удар кинжал 
24806	 продолжать становиться ты пытка татьяна 
24806	 таня макарова становиться татьяна пытка она законно получать свой имя 
24806	 все я усматривать некий мистический связь совпадение имя любимый дочь любимый героиня маргарита алигер имя дочь поэтесса выбирать то зоя пытка называть себя таня 
24806	 становиться пытка татьяна героиня поэма свой 
24806	 чуть смело высказываться повод массовый пытка истязание система мвд 
24806	 один самый памятный сцена роман допрос время который садист властолюбец обрайен отечески обучать жертва тонкость двоемыслие тот требоваться подтверждать пытка понимать прочувствовать весь душа 
24806	 важно впоследствии человек этот показывать они склонять самооговор полиция пытка барин они господин сухово-кобылин 
24806	 александр васильевич подробно рассказывать я дело убийство диманш который он несколько его крепостной человек быть вовлекать пытка который подвергать несчастный крепостной 
24806	 это обязательный немочь должно быть владимир шар презирать литературный ухищрение натягивать оригинальный историософский трактат затрапезный романный рубище то испытывать мы несмешной абсурд какой дескать лицо становиться мы читать то как гпу разыскивать богородица намереваться пытка заставлять она докладывать христос 
24806	 римлянин так суметь изгонять мы святой земля часть наш предок быть уничтожать ход жестокий война другой быть вынуждать принимать ислам противный случай они ждать пытка голодный смерть 
24806	 многий век быть перепробовать весь возможный средство воздействие пытка одиночный заключение каторга квалифицированный вид 
24806	 это объясняться незащищенность население лицо преступность иной незаконный посягательство неэффективность деятельность орган милиция защита гражданин их законный интерес коррумпированность милиция наряду тотальный коррумпированность весь властный структура правоохранительный орган противоправный действие сотрудник милиция отношение гражданин вплоть пытка 
24806	 системность порождать рубрика пытка будни россия бывший 
24806	 число необходимый реформа известный судья заслуживать юрист рсфср с пашин относить прекращение пытка задержанный правоохранительный орган как 
24806	 это госдума отказываться рассматривать законопроект ответственность пытка этот понятие вообще отсутствовать 
24806	 повод применение пытка часто все служить выбивание признание 
24806	 отношение взяточничество незаконный метод расследование применение задержанный арестованный подозреваемый обвиняемый пытка насилие безусловный 
24806	 м общественный центр содействие реформа уголовный правосудие пытка россия этот ад придумывать 
24806	 это нельзя исключать этот лоббистский борьба еще сам разгар новый текст постановление пытка взять тайм-аут дальнейший спор 
24806	 осквернение пытка унижение оно отождествляться 
24806	 что неудивительный собирать российский правозащитник сведение говорить то наш милиция повсеместный практиковаться пытка 
24806	 я смочь это сущий пытка какой там легкость я 
24806	 разучивать новый вещь быть он пытка 
24806	 пантеон святой христианство погибать первый век нет никакой автор идея мыслитель там человек знаменитый то сам подзадоривать палач изыскивать себя изощренный пытка казнь 
24806	 они отдавать отчет их крест символ древо змий орудие пытка который умирать знаменитый религиозный 
24806	 что касаться правоохранительный орган быть признавать их деятельность иметь место применение пытка другой недозволенный метод ведение 
24806	 заявление подсудимый применение они ход дознание следствие пытка недозволенный закон метод нередко 
24806	 пирожок быть отпираться твердить свой местный происхождение применять пытка засушивание батарея замачивание 
24806	 армия так поступать совершать французский военный зверство отношение мирный население подозреваемый связь террорист многочисленный пытка убийство прибавлять сепаратист 
24806	 зачем ты собака пугать какой еще фашистский пытка как 
24806	 событие сентябрь год приводить разрешение применение пытка допрос подозреваемый терроризм 
24806	 он выдерживать музыкальный пытка написать письмо лично сталин 
24806	 беззаконие ужас мочь начинаться вновь каждый мы любой момент мочь быть схватывать страшиться желать верить все неосознанный готовиться надругательство пытка как мы тогда себя 
24806	 дершовица предлагать узаконивать пытка отношение подозреваемый террорист применять 
24806	 так е год год лишение свобода быть приговаривать бывший заместитель начальник краснодонский полиция подтынный который участвовать пытка молодогвардеец 
24806	 например один они состоять то присяжный запрещать говорить пытка выбивание показание 
24806	 я считать такой перегрузка он подвергать сознательно это свой род пытка 
24806	 тот они едва быть один тяжелый пытка измятый преждевременный добираться 
24806	 он никогда быть концлагерь видеть уничтожать заключенный наблюдать пытка гестапо участвовать 
24806	 уже терпеть целый ночь извиваться больничный кушетка искать поза который помогать переносить пытка родовой схватка обретать молитвенный 
24806	 может л б красин решать влиятельный финагент горький удаваться мирный путь выбивать капиталист большой деньги попытка пытка свидетельство домашний савва 
24806	 дублин инициировать судебный процесс лондон обвинять британский власть ольстер нарушение статья й й европейский конвенция право человек запрещать превентивный арест пытка жестокий обращение заключенный 
24806	 судебник год царь великий князь иван грозный поймать поличное вор можно быть преследовать обвинительный форма собственно обвинительный процесс называться русь суд несмотря то злодей посягать частный интерес также порядок розыск лихой человек т е применение пытка независимо позиция истец 
24806	 то год система розыскной инквизиционный процесс изымать пытка судопроизводство оказываться неэффективный малорезультативный 
24806	 суд обращать внимание также пытка принимать доказательство виновность подсудимый 
24806	 пытка узаконивать высокий государственный общественный 
24806	 включение оперативно розыскной деятельность сфера законодательный регулирование сожаление негласный оперативно розыскной деятельность продолжать вестись изолятор временный содержание следственный изолятор цель предотвращение побег заключать обеспечение безопасность ивс сизо раскрытие преступление который обвиняться подозреваться помещать стража гражданин отсюда вытекать использование режимный правило дисциплинарный взыскание средство пытка склонение задержанный арестованный 
24806	 применение задержанный побои угроза другой пытка выколачивание признание еще 
24806	 суд выясняться весь основной улика сфабриковать сфальсифицировать следствие свидетель обвинение отказываться свой первоначальный показание данный давление пытка 
24806	 азербайджанец сообщать защитник они подвергаться зверский побои пытка электроток следствие домогаться 
24806	 арестованный рассказывать следственный эксперимент они зверски избивать сотрудник рубоп потом передавать их родственник исчезать бандит дваливать какушадзе продолжение садистский пытка 
24806	 дело быть давать задний ход признавать самооговор добывать пытка я крикнуть встречать сокурсница уверенный 
24806	 остальное главный образ линия человечность мы высокопросвещенный нация потому мы каждый встречный старичок отец каждый встречный старушка мать потому случайный попутчик мочь такой себя порассказать что он вытягивать пытка потому мы последний народ 
24806	 сейчас вы повезти тюрьма пытка расстреливать 
24806	 возможно это быть магнитофонный запись привлечение клиент убеждение они правильность выбирать всякий случай крик действительно соблазнять нерешительный индивид побуждать оно гибель пытка который так много тайна 
24806	 сейчас вы повезти тюрьма пытка отрубать вы рука нога распинать 
24806	 вечер начинаться этот пытка анатолий муж дома быть 
24806	 все это так ярко живо больно влипать тамара ивановна кожа знать забывчивость она бояться доискиваться все такой бывать давать она этот неизносный память пытка 
24806	 ирэн воспринимать присутствие зал заседание немец оскорбление память жертва гитлеровский режим то она мочь прощать нацист пытка который они подвергать гестапо 
24806	 они спорить принимать кара недобрый бог артистичность пытка шутовство приговор то 
24806	 дисциплинка они высота красный бригада украсть премьер-министр альдо моро требовать один он рассказывать где встречаться заседать совет заправлять тайно управляющий мир умирать пытка выдавать кино 
24806	 женщина местонахождение супруга выдавать пытка 
24806	 я слава бог пытка наказание весь тридцать 
24806	 правозащитник обращаться комитет оон пытка куда уже направлять соответствовать письмо 
24806	 валерий габисов директор центр регистрация информация помощь жертва пытка предполагать этот дело 
24806	 например быть признавать возможный применять пытка какой-то узкий группа арестованный 
24806	 скажем уругвай середина х пытать городской партизан тупамарос кончать пытка все конгрессмен священник 
24806	 махнуть она рука попытка пытка круп все равный мы 
24806	 доска держаться два цепь наклонный положение это один метод пытка дежурный молча вносить коридор 
24806	 что касаться израильтянин где потребность младенец много еще много препятствие трудность еврей быть вероятно сетовать обсуждать жаловаться забывать производство потомство там электричество должно отключаться часто тогда кто знать может они приобретать полезный привычка попытка пытка верно джордж сорос 
24806	 фадеев говорить пытка он отвечать убежденно 
24806	 обвиняться они получение взятка избиение пытка много еще 
24806	 как быть торжествовать вождь гордый анна ахматова сламывать невыносимый моральный пытка отчаянно выдыхать этот день 
24806	 то буквально другой день смерть сталин быть прекращать дело врач сламывать измученный нравственный физический пытка старый интеллигент отпускать свобода 
24806	 машина остывать щипцы затяжной пытка 
24806	 два день мы путешествовать терять сознание духота употреблять выражение самый слабый который быть камера пытка 
24806	 книга где кто-то обижать плакать навзрыд тогда отнимать книга я ставить угол учиться плохо арифметика быть страшный пытка семья быть любить 
24806	 каждый последующий стакан вода этот роковой вопрос он внимательно глядеть ирина вульф молча выжидающе подымать один бровь это быть пытка мама знать рассмешить плятт 
24806	 я очень терзаться кашель вызывать наркоз глубоко кашлять разрезать живот непередаваемый пытка 
24806	 екатерина быть достаточно умный одобрять пытка подследственный любить случай 
24806	 запрещать пытка александр вскоре восшествие 
24806	 важный случай почти непременно государев дело т е политический категория впервые вводить отечественный законодательство уложение год прибегать пытка пытать подозреваемый 
24806	 расследование прояснять дело окончательно степень ясность определять руководитель следствие прибегать розыск уже застенок порядок применение пытка быть регламентировать сначала допрашивать 
24806	 сначала допрашивать грозить они затем приводить застенок ставить орудие пытка часто все это быть дыба 
24806	 царствование александр этот добродушный либеральный монарх упразднять тайный экспедиция пытка позаботиться создавать что-нибудь он 
24806	 чрезвычайка тройка особый совещание упрощенный судопроизводство прокурор формально быть малопонятный зачем конституционный норма легкость отменяться временный чрезвычайный постановление практически применяться почти легализоваться пытка утверждение следователь санкция 
24806	 такой мера заковывание кандалы перевод хлеб вода пытка весь являться 
24806	 критиковать ашхабад заявление официальный представитель госдепартамент сша который быть сделать конец декабрь частность говориться мы иметься заслуживать доверие информация пытка жестокий обращение подозреваемый 
24806	 пытка появляться такой элемент инквизиционный процесс 
24806	 главный доказательство считаться собственный признание получать нередко физический нравственный пытка 
24806	 такой образ сторона быть объект деятельность суд который исследовать дело помощь пытка дыбы кнут раскаленный щипцы 
24806	 он тот самый способ сделать удовольствие пытка 
24806	 почему счесть он электрический стул крайний мера лобный место пытка 
24806	 система доказательство применять гражданский дело порядок суд включать себя доказательство типичный состязательный процесс признание сторона показание свидетель общий ссылка присяга письменный доказательство так свойственный следственный процесс очный ставка пытка повальный обыск 
24806	 так очный ставка применяться допрос пытка допускаться применение присяга после 
24806	 испуганно озираться искать глаз какой-нибудь агрегат ритуальный пытка 
24806	 находиться этот камера пытка день 
24806	 теперь мы выражать свой недовольство пытка несправедливость здесь снова 
24806	 все просить полный прекращение несправедливый пытка истязание отношение мы 
24806	 просить сотрудник применять жестокость пытка отношение заключенная привлекаться 
24806	 потом помощь родственник муж сестра обман завлекать парень мордовия там он приступать пытка он загонять денис швейный иголка 
24806	 изба быть полный битком народ стол передний угол сидеть трое сектант объявлять быть беседовать недопустимость почитание крест орудие позорный пытка смерть 
24806	 быть данные отношение отец михаил применяться пытка полный объем 
24806	 известие который приходить тот темница извне быть точно такой какой мы слышать день большевицкий богоборчество храм рушиться богослужебный книга сжигаться священник предаваться казнь пытка 
24806	 как мужественно выдерживать он допрос пытка ронять свой достоинство 
24806	 они бесследно исчезать их обезображивать пытка тело быть продавать родственник погибший 
24806	 выяснение обстоятельство дело обвиняемый мочь применяться пытка 
24806	 следственный практика политический уголовный дело широко входить пытка повальный обыск т е 
24806	 ныне каждый уголок россия каждый ее маленький отдельный ломтик совершаться адский пытка тысяча миллион 
24806	 он болван дело каждый командировка приставать пытка там 
24806	 наступать ночь они новый пытка я придумывать иголка спина 
24806	 сутки снова я оказываться камера снова новый пытка 
24806	 где рождаться отмучаться угасать смутный предчувствие такой исторический поколение наш исчерпывать себя донышко фантастический социальный эксперимент катастрофа выбирать прошлый настоящий будущий человеческий пласт весь страх зловещий пытка жестокий репрессия 
24806	 проверять красноармеец мой немецкий язык высоко оценивать он он заявлять немец попадать я они плен какой пытка вытаскивать я военный 
24806	 вода кран кухня капать капать раковина пытка то китайский казнь 
24806	 становиться единоличный лидер проявлять похожий сталинский страсть единоличный власть поклонение подхалимство окружающий их беспрекословный послушание весь это уже так сказать мирской секулярный религиозный форма столь необузданный главное несравненно мало жестоко всякий случай почти кровь то более пытка 
24806	 ссылка посол персональный пенсия расстрел тюрьма пытка исключение партия 
24806	 кадар который ракош посадить тюрьма подвергать издевательство пытка держать угроза расстрел 
24806	 он я убивать он пытка умирать утапливать 
24806	 она быть набелить лицо маска длинноволосый парик статичный декорация вполне годиться оформление китайский ресторан яркий краска сказочный китайский придворный оттенять реалистический серость простой китайский народ щадить натурализм угнетение народ использоваться несколько хлыстов жестокий пытка который глаз все 
24806	 конфидент признаваться пытка волынский сам 
24806	 некогда доходить парикмахерская пытка завивка раскалять щипцы 
24806	 дело теперь уже пытка дело то 
24806	 ять казаться он достаточно храбрый человек становиться этот смена год он предстоять проводить многий испытание подстраивать побег поймать подвергать пытка научать подбирать соратник готовить 
24806	 то менее мочь он окончательно понимать никакой пытка надо 
24806	 самоубийство оправдывать тогда жить далеко самый дело нельзя нельзя определение непрерывный пытка позор слабоумие 
24806	 его суета улечься восторжествовать абсолютный покорность осколец принимать любой участь избавляться главный свой пытка вечный подозрение неправота 
24806	 теперь становиться быть он придумывать последний утешение последний пытка петь сахарок пожальша 
24806	 два день мучение нечеловеческий страдание пытка кончаться человек казаться он смешной 
24806	 тюрьма быть тюрьма пенитенциарный порядок бывший империя теперь мы читать едва умиление никакой подавление личность унижение пытка мучение просьба молодой нигилист 
24806	 я старый мочь выдерживать их пытка 
24806	 надо сделать все этот человек пытка показывать великий княгиня дорога 
24806	 некоторые деталь психопат так реалистичный я иметь вид сцена пытка мучение спрашивать читатель откуда 
24806	 что должный быть похожий сцена пытка мучение вы часто присутствовать 
24806	 невзирая былой заслуга год герой гражданский война отец будущее поэт умирать пытка место служба 
24806	 кто-нибудь думать это пытка он ничто знать 
24806	 мочь иметь он право судить ахматов пытка ожидание надо сказать заслуженный 
24806	 быть время особый совещание тройка побои пытка застенок 
24806	 я жить воображение рисовать физический пытка нравственный мука лева 
24806	 я сказать черт взять зачем скорость зачем мы выигрывать сутки три день праздник мы превращать два день пытка 
24806	 антикомариный стекать вместе потом лицо жечь глаз кислота ветровка капюшон надевать голова стягивать лицо насквозь промокнуть пот грудь живот мы достигать какой-то гребень где комар чуть-чуть согнать ветерок казаться этот едкий пытка быть конец 
24806	 молодость коля быть видимо очень хороший себя он сейчас жест широкий движение угадываться размашистый мужицкий сила теперь разгорячаться он вскакивать один нога он хромать взгляд быть тусклый блеск который выдавать человек проходить пытка невозможность что-либо изменять 
24806	 снова ожидание приговор неизвестность впереди вы знать такой пытка надежда спрашивать ахматова один 
24806	 авдеев быть стоять свой пытка смертный одр 
24806	 грешник испуганный взгляд прослеживать один палач страшный бесцветный глаз направляться угол камера пытка сунуть раскаленный голова 
24806	 палач святой инквизиция всегда демонстрировать пытка орудие способ дознание авдеев 
24806	 исполнитель главный роль пущий настрой показывать хроника собр запрещать публичный демонстрация кассета отснимать видео сам чеченец отрезать голова мольба пощада пытка ржание брат аллах 
24806	 этот человек молчать пытка всячески жалеть собственный палач 
24806	 он все равный стрекотать попытка пытка один рыбак 
24806	 рисовать картина полный беззащитность арестованный произвол слепой сила тщетный любой довод разум логика подследственный издевательство пытка выбивать угодный следствие признание 
24806	 она начинаться раскол который последовать пытка каторга старовер ответный 
24806	 пока надо продемонстрировать волос наш искренний забота они смочь вынести предстоящий они передряга ежеутренний пытка фен например выглядеть достойно 
24806	 почти побороть теснота камера сизо который европейский эксперт расценивать один форма пытка 
24806	 капитанский дочка он писать имя гринева изменение происходить жизнь один поколение связь то капитан миронов крепость собираться пытать башкирина бунтовщик пытка старина так быть укоренять 
24806	 англия г выпускать тюрьма человек который пытка признаваться несовершенный преступление 
24806	 данные ниц мемориал розенблюм пытка подписывать весь возводить он 
24806	 этот комната легко догадываться становиться новосел камера пытка 
24806	 пытка входить еще то что 
24806	 второй брат отвечать музей который камера пытка 
24806	 полчаса выжимать это мера горячий финский парень максимум возможный подвигнуть он небольшой фотосессия уступать место столик ждать свой очередь английский коллега теперь он подвергаться пытка райкконен задерживаться еще некоторый 
24806	 соперник разыгрывать испанский партия время царствование шахматный олимп анатолий карпов называть многий испанский пытка слишком тяжко приходиться черный 
24806	 флавий это один сорок мученик подвергаться жестокий пытка вера год 
24806	 он любить читать казнь сам шутка изобретать новый вид казнь устройство пытка 
24806	 другой добавлять громкость песня радовать слух вдруг превращаться некий вид пытка 
24806	 я то предлагать ты сделать фильм книга данте его любовь беатриче любовь беатриче он то он она здороваться весь город читать стих она сам он беатриче подходить такой изощрять форма превосходство бедный девочка любовь пытка 
24806	 проштрафиться нередко ожидать пытка уступать который инквизиция 
24806	 пытка издевательство палец он никто 
24806	 мочь быть самый пытка вы давать я передышка 
24806	 какой-то никто ведомый время пытка боль повторяться 
24806	 никогда страдалец находить тот лазейка тот самый ход приводить он камера пытка кричать божиться тыкать 
24806	 однажды день неудавшийся долгий испанский пытка веня несмело заговаривать брак 
24806	 измученный изощренный пытка старший звание я вламываться 
24806	 лондон вполне еще детский время заседать борец свобода закаев один борец приходить голова идея взять подпись немцов попытка пытка 
24806	 фокс название камера иметься вид камера пытка участник турнир раздевать трусы 
24806	 трое другой допрашивать заложник они должный угадывать его ответ скажем такой вопрос кто они скоро все толкнуть колесо автобус старушка спасать себя победитель получать награда побеждать ждать пытка иногда это скорпион который сажать 
24806	 они писать критик кэрин джеймс становиться культурный барометр соединять штат приравнивать развлечение такой вещь пытка похищение заложничество 
24806	 аудитория камера пытка основной молодежь 
24806	 террорист взрывать целый здание трудно переживать идиот нырять цистерна дохлый кальмар настоящий пытка возмутительный человек который пытать 
24806	 написать я весь это подумать наш обезьяний телевидение уже показывать последний герой наверное облизываться лицензия фактор страх кресло камера пытка другой фактор обесчеловечивание 
24806	 игорь сухой пытка память старик ю трифонова 
24806	 он освобождаться ежедневный пытка называть общественный жизнь народ поверять 
24806	 благозвучный сладость этот фрагмент превращать их неукоснительный повторение некий пытка приятный 
24806	 пауза прорежающий повторение пытка рай становиться невыносимый 
24806	 англия что митя оживляться мгновенно как что весь этот английский досужий выдумка крыса пытка комната 
24806	 он выдерживать пытка признаваться весь знакомый соглашаться 
24806	 никакой суд потом ничто быть слушать припарка здешний извиняться пытка нужный какой-то улика 
24806	 ожидание быть отдых тихий пытка 
24806	 больница рассказывать пытка подробно хотеться рассказывать значит 
24806	 джулия теперь ариадна герой рассказывать пытка застенок следователь 
24806	 стыдно быть рассказывать потому перетерпеть пытка несчастие 
24806	 раз герой решаться жениться он хотеть сделать себя свадебный подарок смывать позор пытка доказывать себя он мужчина 
24806	 бежать потому отчаянно бояться арест бояться смерть пытка бежать потому немощный слабый 
24806	 теперь он думать он угрожать наоборот униженно просить молить убеждать весь жить жить первый последний жизнь земля мучение человек ждать один один мечтать пытка наконец кончаться каждый быть 
24806	 я быть уверенный весь мы быть уверенный пытка расстрел лагерь необходимый 
24806	 вспомнить он я мочь быть шутка говорить он взять плен он пытка выдавать весь тайна 
24806	 продлять мучение мать император подвергать ее пытка отдавать она истерзать тело 
24806	 святой андрей быть вызывать суд там он подтверждать свой вера христос это он подвергать пытка он сам ложиться раскалять 
24806	 власть рф расследовать должный образ случай грубый нарушение право человек чечня убийство пытка грабеж совершать федеральный сила 
24806	 колесо который декорировать сервантес сцена свой представление дон кихот представать колесо история превращаться орудие пытка который тюремный сброд распинать 
24806	 массовый депортация казаться что-то совершенно немыслимый русский военный статистика теоретически обосновывать они еще год то более укладываться европейский сознание угон население работа взятие заложник разрушение мирный город пытка массовый расстрел 
24806	 ты никогда переживать война одиночество тюремный заключение агония пытка голод ты счастливо что 
24806	 подобный деяние один проект новый статья пытка предлагаться лишать свобода срок 
24806	 видеозапись зафиксировать пытка пленник сознаваться сотрудничество 
24806	 такой условие десятичасовой перегон оборачиваться пытка организм 
24806	 считать тот класс пытка словом много все 
24806	 качество дополнение образование мечеть открытый школа рукопашный бой некоторый страна ваххабитский наставник обучать владение оружие методика совершение террористический акт применение пытка 
24806	 наука преподавать боевик талибана пакистанский лагерь проведение чудовищный пытка применять как способ допрос 
24806	 тот время сша вопль защита право человек осыпать бомба любой нравиться они государство пакистан взлелеять людоедский движение талиб их наркомафия садистский пытка расовый дискриминация оставаться любимец западный 
24806	 это неудивительный он выдерживать все пытка 
24806	 мучить они он то он упорно ничто отвечать они несмотря пытка 
24806	 любой кодекс распадаться прах уже начальный стадия пытка который заключенный кличка 
24806	 этот развал колесо молодой бандит быть офис ресторан гостиница заезжий дружок он говорить партнер бизнес баня публичный дом камера пытка весь совмещать себя таинственный 
24806	 белый становиться известно колдовской дело хэт его схватывать пытка запирать один дом 
24806	 колонист поджигать этот дом колдун то молчать пытка заговаривать 
24806	 привыкать музыкальный гармонически ритмизованный манера чтение стихотворный текст ждать то разочарование шок пытка звук 
24806	 опрашивать директор школа преподаватель предметник дружно отзываться проверка тестирование пытка инквизитор 
24806	 много оскаливать прокапчивать век готика вовсе кажущийся карамельный то рига постный кролик старобогемский стиль экспортный кабачок оно впечатлить пражский музей средневековый пытка 
24806	 вы разрешать выезд сказать капитанша кгб пытка ожидание кончаться виза 
24806	 жюри представлять верхушка правление агентство совещаться зал переживать очередной пытка рэпперский речитатив 
24806	 поэт мудрец мы моральный нести убыток час святой отец волочь мы станок пытка 
24806	 плен ты угрожать пытка смерть немедленно выдавать все 
24806	 я вовсе подвергать ваш сын пытка сказать я примирительный 
24806	 я порываться струна который слишком старательный натягивать какой это оказываться пытка испытание разрыв 
24806	 хрупкий женщина орудовать ядерный спина говорить понимать как можно быть сделать банальный транспортный средство камера пытка 
24806	 он сметь сравнивать принудительный лечение психический больной пытка который подвергаться еретик застенок 
24806	 я смочь я любой неволя пытка сразу начинать рваться прочь 
24806	 какой-то новый дант проникать ад увидеть новый пытка грешник 
24806	 он опускаться табурет стараться глядеть жиличка нежиличка попытаться сосредотачиваться попытка пытка попытка засчитываться 
24806	 самый муторный дело прочее попадать свой речь свой интонация тон партнер пытка я это 
24806	 то я знать я она вытягивать буквально пытка 
24806	 дед другой поколение где быть принимать молчать пытка стоять часы 
24806	 обещать чисто бродвейский спецэффект посадка сцена реальный бомбардировщик также сюрприз финал который выдавать журналистский пытка 
24806	 скоро все он стыдиться я татьяна полагать это быть настоящий пытка его самолюбие 
24806	 она приходиться себя уговаривать сейчас резон думать таинственный спецслужба пытка также волноваться друг 
24806	 лизавета сей пора помнить охать возмущаться загорелый седовласый дяденька цейсовский очки тетенька костюм брошка мадлен олбрайт увидеть туалет ржавый потек практически пытка наказание судебный приговор 
24806	 он организовывать эрдут концлагерь хорват где практиковать массовый казнь пытка издевательство военнопленный 
24806	 сначала абдич сохранять полный верность сараевский правительство быть где-то святой папа его приказ бихач трнополье великий кладуша кератерм маньяч быть создавать концлагерь серб где самый скромный подсчет быть убивать пять тысяча человек десяток тысяча подвергаться пытка издевательство 
24806	 я теперь уже знать тогда начало год это сказать н хрущев свой секретный доклад съезд партия быть давать сталин официальный разрешение применение пытка практика нквд 
24806	 правда они весь уже выдерживать сдаваться применяться пытка теперь совершенно ясно восемь 
24806	 назаров опережать я плохо физический пытка 
24806	 что он что то становиться надо быть сламывать это получаться длительный обработка карцер немыслимый условие содержание возможно пытка прозрачно давать понимать 
24806	 черемуха мой тот проболтаться пытка божество его диктант 
24806	 сейчас я казаться такой бессмертие быть пытка выдерживать ее сегодняшний 
24806	 первый пятничный тренировка асфальт еще прикатывать превращаться настоящий пытка 
24806	 что ты сразу все признаваться выдерживать пытка 
24806	 дело то вовик демочка часто пугать мы колупать рассказ пытка 
24806	 естественно дом рано быть всякий разный клад серебряный золотой монета который правда уже все давно находить находить также скелет замуровывать стена подвал еще революция человек сам купец быть маньяк он собственно начинаться этот печальный традиция пытка этот дом 
24806	 вовик все прочее подводить история пытка строгий научный база 
24806	 его этот давать сносить они он держать пытка какой этот 
24806	 демочка так этак пытаться намекать хромой все тут так этот пытка мосгаз сравнение 
24806	 вдоволь наизучаться здешний чужой лужа чужой голубятня чужой забор также неуютный подъезд дурацкий козырек я решаться посмотреть страшный дом пытка который мы колупаев так 
24806	 проводить связь это операция сила разведка отряд позволять захватить язык который пытка показывать являться член группа 
24806	 бесцельный сидение аппарат быть страшно самый изощренный пытка 
24806	 его цепкий память хранить свой амбар сведение факт который нормальный человек мочь запоминать пытка 
24806	 попытка такой быть пытка призывать человек оказываться неожиданно 
24806	 такой страсть называть тело болезнь смерть рок бремя неволя тюрьма пытка душа такой нечеловеческий 
24806	 сейчас начинаться пытка откручивание голова откручиваться 
24806	 хотеться скоро следующий пытка этот затягиваться утро 
24806	 работа лесоповал где малый непослушание наказываться особый пытка стоять голый пенек 
24806	 он быть обстреливать попадать контрразведка француз наполовину потерять рассудок пытка пять год тюрьма 
24806	 некоторый кукла торчать булавка другой быть подрезать нос ухо марионетка побывать игрушечный камера пытка где они жечь игрушечный паяльный 
24806	 я она выдавать страшный пытка 
24806	 большой тихон рассказывать мало он оставаться тот противник который я недавно мечтать подвергать самый изощренный пытка 
24806	 избиение который я подвергать ваш улыбчивый бандит пытка практиковать порядок подготовка 
24806	 сила ваш я опять должный извиняться субъективность оценка исторический инфантильность вы наивно ассоциировать пытка допрос 
24806	 быть компетентный область допрос я раз жизнь никто допрашивать я весь мочь удерживаться скепсис отношение эффективность пытка метод допрос 
24806	 четвертый наиболее тяжелый ваш ошибка вы считать этот избиение позволение сказать пытка 
24806	 оно отдаленно мочь быть сравнимый то я называть пытка то самый 
24806	 связь это хотеть вы также предупреждать заблаговременно вводить ваш кровь вещество один этап пытка сколь быть сильный 
24806	 тот дегенерат третий излагать свой концепция пытка он корчиться пол 
24806	 вы прекрасно знать я обреченный страшный пытка смерть так 
24806	 вериться пытка мочь сламывать человек такой сорт 
24806	 боб обучать искусство форсированный дознание соответственно сопротивление он просто говорить поведение пытка 
24806	 тим выдерживать пытка достойно миллионер он быть формальный 
24806	 вы подвергать я избиение пытка унижение 
24806	 просторный прогревать солнце окно ресторанный зальце я вкушать шурпа курица чесночный соус она сообщать чимкент называть казахстанский техас город приезжать московский выставка восковой фигура пытка наказание весь время 
24806	 тесный школьный парта апофеозовец организатор голосование поставлять президиумный стол который сереть сухогорлый классический графин больно давить коленка что-то напоминать средневековый колодка который преступник выставлять площадь удовольствие толпа марина стоить невероятный усилие воля выбираться этот орудие пытка проходить туалет 
24806	 елейный пролепетать я чувствовать больше вынести этот пытка подсказывать может я быть 
24806	 то признаваться сразу пытка его натуральный фамилия визборас 
24806	 пытка устраивать хорват сафин нельзя называть 
24806	 девяностолетний старик молодой дипломированный террорист учебный лагерь долгий пытка зарезать ножницы стрижка овца 
24806	 заложник он делать деньги слава заслуживать пытка 
24806	 доверие он ельцин упасть вновь заговаривать пытка находиться сизо больший 
24806	 попытка становиться пытка раз наоборот мужчина 
24806	 то мочь быть чей-то подслушивать разговор чей-то слово вырываться минута раздражение чей-то шутка главный доказательство вина считаться собственный признание обвиняемый главный метод расследование пытка 
24806	 тут работать профессионал они быть специально разрабатывать инструкция рекомендоваться например прерывать пытка давать рана затягиваться истязание 
24806	 реальный число податной душа уезд всегда быть значительно мало число указывать ревизский сказка солдат добывать положенный неположенный прибегать пытка сбор подать становиться дело 
24806	 замечать происходить это декабрь год царевич алексей быть уже схватывать он везти москва петр письмо клятвенный обещать сын прощение сам уже готовиться новый пытка грандиозный казнь 
24806	 начинать казаться он она вообще быть населять человек лежать некий почва где произрастать весь необходимый государство тот число солдат землепашец матрос купец ремесленник весь тот кто можно быть посылать война кто можно быть получать пытка необходимый подать поборы 
24806	 малый корысть малый надежда спасение пытка каторга казнь 
24806	 этот момент девочка испугаться ангел лицо сифилитик который стоять смотреть раздвигать щель глаз он плевать цепь который уже приковывать липа значит уже начинаться их пытка тут она услышать автомобильный 
24806	 полка стоять алхимический реторта скляночка разноцветный жидкость лежать разный форма резец похожий инструмент пытка медный доска слиток 
24806	 граненый карандаш быть заменять круглый он казаться орудие пытка 
24806	 я так понимать он пытать помощь этот щипцы он умирать пытка 
24806	 тот читать они тот напряжение какой они писаться этот доклад должный быть становиться он изощренный пытка 
24806	 это значить порка пытка расстрел суд 
24806	 быть немало случай маленков лично присутствовать допрос пытка арестованный 
24806	 любопытный он быть человек один умирать пытка харкать кровь морда палач 
24806	 этот глава я хотеть поведывать судьба миллион наш соотечественник расстреливать замучивать пытка умерший голод повешенный 
24806	 многие они пытка получать ложный показание служить повод 
24806	 большевизм должный уходить ответственность практика неслыханный фальсификация ложный обвинение внесудебный приговор расстрел суд следствие истязание пытка организация концлагерь то 
24806	 ты никогда переживать война одиночество тюремный заключение агония пытка голод ты счастливо что 
24806	 слушание парламент посвящать выполнение украина требование конвенция оон пытка 
24806	 парламентарий направлять запрос министр внутренний дело юрий смирнов который говориться недопустимость применение пытка время содержание стража 
24806	 конвенция оон пытка ратифицировать украина февраль 
24806	 никто участник уголовный судопроизводство мочь подвергаться насилие пытка другой жестокий унижать человеческий 
24806	 смиряться делать вид окружать весь порядок фальшь ее натура пытка неизвестно куда такой раздрая 
24806	 последний надежда произносить настолько радостно тамара невольно улыбаться мрак подпол едва разбавлять лучик щель люк ожидание пытка самый время радоваться время 
24806	 во-вторых ты очень понравиться сидеть подпол ждать пытка 
24806	 лето год построить пароход челюскин предпринимать попытка проходить северный морской путь один навигация опровергать поговорка попытка оказываться пытка челюскин раздавливать лед чукотский 
24806	 всегда привлекать рубина сердце ее читатель отсутствие иллюзия собственный счет уравновешивать вера человек таковой его мужество феноменальный способность кошмар быт пытка память заниматься любовь творчество дружеский 
24806	 ясный мотив переход православный иерарх католичество который говориться следственный дело оно мочь быть доказательство изготавливать фабрика пытка 
24806	 жетон кейс никто выдавать быть ты сам капон короче попытка пытка петруха хороший малый кстати 
24806	 морозов никак мочь успокаиваться сравнительно небольшой город прямо самый его нос твориться такой дело пытка оружие его терзать вопрос кто 
24806	 ты он серпухов рассказывать пытка 
24806	 она действовать так первый взгляд нелепо потому подсознательно стремиться торопить событие бояться столько самый смерть пытка ее ожидание 
24806	 отдавать они папа все они требовать наш жизнь превращаться пытка 
24806	 каждый раз забывать что начинать пытка продолжаться час два потом 
24806	 мочь быть оттого его обязанность гид кончаться теперь он мочь снова засаживаться свой инструмент пытка писать новый повесть 
24806	 убийство повинный человек донос личный враг оговор пытка тайный приказ террор 
24806	 надо скоро что-то предпринимать подобный случай мочь уже представляться сколько время продлиться полет он знать быть быть попытка пытка савелий закрывать глаз громко 
24806	 смысл этот статья быть примерно таков определенный часть население киев несомненно симпатизировать совет подвергаться своеобразный пытка страх вполне естественно закономерный 
24806	 выступать такой дух пытка страх шульгин вместе то 
24806	 уже василий шульгин автор недавний пытка страх писать киевлянин подумать 
24806	 оказываться пытка страх который вы считать такой 
24806	 кольцов быть уже обрекать сталин готовый быть предоставлять он возможность оканчивать свой день проходить мучительный этап арест пытка расстрел качество враг 
24806	 подпись ваш я поставлять ее пытка ужасный 
24806	 я поставлять ее пытка ужасный 
24806	 их изуверский устремление наклонность импонировать нюрнберг город безжалостный ландскнехт кровавый истязание достойный памятник который оставаться самый известный европа богатство экспонат музей пытка его знаменитый нюрнбергский железный 
24806	 думаться лев романович быть должность помощник такой человек мочь знать добываться признание враг народ постулат вышинский признание царица доказательство я вериться он быть непосредственно причастный пытка истязание 
24806	 пример то турция отличие россия облагораживать человечество тысяча лишний год изящный литература другой шедевр искусство известный мир бесконечный война османский империя резня армения изощренный пытка турецкий баня изобретать кстати 
24806	 такой пытка шамиль мочь долго 
24806	 десятый страница захватывать далеко пытка формальный просмотр текст 
24806	 учитывать сумма валюта выдавать карманный расход весь вышеперечисленный ужас степень воздействие организм неискушенный советский турист мочь быть приравнивать изощренный средневековый пытка 
24806	 обжигать она я все кровь отравлять жизнь плохой пытка становиться я выдюжить 
24806	 зырянин молчать суживать глаз лицо его быть напряженный пытка 
24806	 ненависть потянуться бессмысленный день осада долгий мучительный пытка 
24806	 себя так тот который скончаться блаженный кончина дома свой кровать темница оковы пытка а плакать проливать слеза 
24806	 она умолять оставлять она покой наедине ее горе она совать нос различный самый современный оружие алик его ее документ их фотография совершенно другой фамилия который алик разный тайник находить великий множество каждый интервью быть она пытка полиция самый 
24806	 я мочь подмигивать товарищ пытка дескать держаться все там быть 
24806	 любой человек попадать российский тюрьма иметь никакой право подвергаться избиение пытка что 
24806	 болезнь платон быть тайна семья обухов который родитель платон решаться рассказывать то следствие течение продолжительный время игнорировать факт его психический заболевание то самый подвергать платон тяжелый моральный пытка 
24806	 осужденный год тюрьма процесс так называть антисоветский правотроцкистский блок дмитрий плетнев врач мировой имя писать тюрьма январь год имя ворошилов я применяться ужасающий ругань угроза смертный казнь таскание шиворот душение горло пытка недосыпание течение неделя 
24806	 поведение следователь моральный пытка родитель обухов называть 
24806	 напротив доноситель быть подвергаться пытка наравне подозревать 
24806	 томас знать себя грех словоохотливость тут бутылка особый эстонский бумажка расчет давать себя страшный клятва молчать свой умозаключение пытка 
24806	 этот ожидание превращаться постепенно пытка истязать уродовать выхолащивать подтачивать 
24806	 попытка пытка говаривать товарищ берия 
24806	 брать я особенно нечего вставать каждый раз открывать дверь я настоящий пытка 
24806	 несмотря весь свой актерский способность такой пытка он вряд мочь выдерживать 
24806	 ольга никогда думать ожидание способный превращаться пытка 
24806	 ты говорить это так речь идти развлечение пытка усмехаться аркадий 
24806	 юсуф мочь спать спокойно мастер морозов пытка сказать слово 
24806	 устраивать еще пытка тут мочь убивать сразу 
24806	 домашние мой быть пытка они кротко терпеть особенно 
24806	 некоторый время константин сергеевич ласково сказать благодарить вы кончаться ее пытка читать станиславский еще 
24806	 допрашивать судя протокол один единственный раз он категорически отвергать весь обвинение устаивать пытка никакой признание подписывать 
24806	 держаться исключительно стойко он уличать другой польский террорист тот число видный деятель партия вчк гпу красный армия уншлихт который отказываться свой показание суд суметь вымолвить я смочь перенести пытка 
24806	 место напоминать камера пытка мы первый христианин входить 
24806	 ельцин пойти далеко уничтожать ссср решать российский республика сделать соединять штат америка капитулировать выдерживать пытка роскошь яя яя 
24806	 грузин пытка мы все указывать 
24806	 бетон пытка этот сволочь погибать наш приятель 
24806	 он быть видный комната напоминать средневековый камера пытка модернизировать сверхсовременный оборудование 
24806	 я сомневаться пытка этот человек мочь что-либо выдавать 
24806	 такой случай ум приходить вечный истина тип черт шутить попытка пытка 
24806	 я зоя космодемьянский пытка тайна разглашать 
24806	 каждый день я становиться весь больший пытка делать я спокойно 
24806	 инструмент представлять себя деревянный сооружение изобретать пытка обвиняемый 
24806	 поэтому часто бывать окончание пытка извлекать глубина горло тряпка 
24806	 мочь заставлять сыграть актерский этюд любой тема попросить спеть станцевать походить рука пытка каждый выдумываться индивидуально основной 
24806	 время оставаться худсовет превращаться я пытка 
24806	 рогалев дело проваливаться пустота сознание проясняться молить бог вступаться прекращать этот зверский пытка 
24806	 безвременье русский жизнь рубеж век мучительно растягиваться вечность пытка разрывать сустав 
24806	 он возвращать понятие честь тот иронический кастовый общедемократический общенациональный смысл быть заповедовать пушкин первый клад мой честь быть клад этот пытка отнимать 
24806	 арутюнян жестокий избиение пытка оставаться место весь зуб 
24806	 труп арутюнян след пытка они ничто головной боль 
24806	 наверное себя он быть молиться пытка скоро кончаться он пристрелить 
24806	 кто-то приходить голова шальной идея сфотографировать снимать любительский камера пытка предсмертный агония женщина 
24806	 свидетель возможно один палач рассказывать его смерть свой друг следующий абдулла ханга живой засовывать мешок пытка привязывать мешок камень 
24806	 например мы сидеть тот самый комната где сто год назад сидеть степан иванович шешковский начальник тайный экспедиция производить здесь пытка арестованный 
24806	 я девка понимать ее взять пытка 
24806	 сам попадаться рука головорез принимать такой пытка мука сознание он 
24806	 дело то прапорщик проходить первый чеченский война чеченский плен пытка сделать он дегенерат отучаться 
24806	 год пять назад пресс-конференция быть я пытка 
24806	 оставаться живой момент окончание штурм они быть человек ждать казнь тюремный застенок пытка 
24806	 сын оскорбляться мать свинцов поседеть так проходить каземат пытка 
24806	 офицер все равный колоться петька предлагать чапаев применять пытка давать он завтра опохмеляться 
24806	 право защита пытка другой жестокий бесчеловечный 
24806	 таковой относиться например право защита пытка право восстановление защита 
24806	 иногда доказывать факт нарушение право человек бывать крайне трудно например говорить право защита пытка ст 
24806	 иногда доказательство сам факт пытка бывать достаточно серия косвенный доказательство 
24806	 прокурор допрашивать они упущение прокурор человек жертва пытка должный это страдать 
24806	 пытка другой вид жестокость обращение 
24806	 спрашивать как это возможный пытка процесс публичный объявлять пожаловаться 
24806	 газета их число правда рассказывать сталинский лагерь пытка расстрел 
24806	 быть последний ошибаться рассказ юрий трифонов недолгий пребывание камера пытка стих давид самойлов очерк елена 
24806	 показывать очередь мощь святой екатерина она святой потому пытка отрекаться вера 
24806	 он отрицать заявление алексей то он говорить петр любить умный человек долгорукий по-видимому подвергаться пытка другой хороший пример допрос аврам 
24806	 устрялов опубликовывать другой документ дневник комендант крепость который зафиксировать смерть алексей ряд допрос пытка какой-либо официальный версия 
24806	 наконец внимательно читать документ можно видеть он утверждаться упоминать допрос пытка иметь отношение царевич 
24806	 последний допрос царевич состояться июнь последний по-видимому пытка этот день запись 
24806	 они думать можно день день печатать правда пытка застенок кгб потом 
24806	 слово долетать опоздание вибрировать растягиваться жгутик снова сгущаться африканский узор стена плясать гримасничать я полулежать кресло курить наблюдать андрей суетиться комната залезать стул балансировать один нога пытаться прилеплять центр потолок белый пластиковый звезда она отваливаться он тереть потолок мокрый тряпка потолок образовываться грязный серый пятно неврастеничный очертание окно тяжело шевелиться голый ветвь семья ворон что-то делить балкон снег конец март разновидность китайский пытка андрей вновь сила шлепать 
24806	 несколько минута пытка васильев удивление бандит показывать 
24806	 давить себя рвотный позыв она усилие воля заставлять себя терпеть варварский пытка 
24806	 такой он еще видеть казнь русский военнопленный чечня таджикистан кровавый пытка оскал смерть боевик чечня 
24806	 свой мусульманин противник убеждение дух подвешивать пытка столб перекладина 
24806	 ярый быть кругом проигрыш он весь равный доставать этот обнаглеть делец стригущий деньги спекуляция натурный съемка пытка смерть военнопленный русский ребята 
24806	 как вариант черт пытка мешать артем подвергать серго 
24806	 что мешать артем подвергать серго такой изощренный пытка тот выдерживать 
24806	 произносить андрей вспомнить какой пытка мочь подвергаться русский солдат 
24806	 перехитрить опускаться пытка психотропный допрос исключать всякое 
24806	 некоторые они пытка выводить свой кровь стена 
24806	 скоро все он расстреливать замучивать пытка 
24806	 три год проходить день смерть сталин этот слово быть синоним пытка расстрел исчезновение навсегда 
24806	 я прерывать он потому все мочь превращаться пытка 
24806	 мочь быть она вырывать он пытка моральный физический 
24806	 братский гэс печататься исторический инерция долгий время мочь оставаться один последний библиотечный источник молодежь узнавать часть правда время террор пытка 
24806	 мальчик девочка пионерский галстук держать рука шпаргалка сей раз составлять горячий участие учитель пламенно говорить то они оказываться гестаповский пытка выдерживать бессмертный 
24806	 поэтому я знать как я вести себя время гестаповский пытка 
24806	 очень легко бить себя грудь заявлять выдерживать все пытка 
24806	 он выглядеть индеец пытка конкистадор 
24806	 в брюгге год рыночный площадь возвышение устанавливать дыба такой образ она быть хорошо видный король максимилиан его камера народ который казаться недостаточный зрелище публичный пытка подозреваемый измена советник магистрат 
24806	 следующий день вербный воскресение начинаться штурм монастырь сан марко заканчиваться шесть час погром саванарола арестовывать далеко пытка подпись весь бумага 
24806	 теория тот время пытка предназначаться высвобождение истина 
24806	 какой ужас знать свой следующий минута думать он это быть пытка приговор 
24806	 кровь пытка пойти это судьба всякий 
24806	 что так немецкий гений надо писать музыка компания всевышний бах становиться пытка я я прятать нота 
24806	 какой ишак сказать попытка пытка 
24806	 еще какой пытка собирать обрывок себя 
24806	 факультет уже прочитывать доклад хрущев двадцатый съезд пытка лагерь массовый истребление паранойя 
24806	 вынести творческий пытка она буквально накидываться я 
24806	 тот самый время я даваться некий знание оно быть давать первый секунда показ далеко этот пытка длиться я быть давать 
24806	 поэтому они пытаться как-то восстанавливать равновесие быть иллюзия превосходство главный я пытка 
24806	 условие тот пытка я как это задавать ритм 
24806	 сам она думать другой примерно так она когда-то заглядывать сын комната он спать этот пытка мучить она весь ужасно почему-то 
24806	 каждодневный попытка каждодневный пытка проникновение внедрение чужой судьба 
24806	 я приказывать отговаривать сенатор мирович казнить пытка я так знать 
24806	 детство несчастный федор проходить александрова слобода кровавый пытка буйный пир опричник страстный 
24806	 минута тридцать они старый седой внимательно следить блестеть пот голый актер гоняться друг друг разнообразный орудие пытка рука 
24806	 как долго я догадываться что принадлежать гонимый преследовать обреченный пытка смерть племя 
24806	 заставать попытка пытка мы везти дежурная 
24806	 он человек капризный попытка пытка попробовать 
24806	 весь их повседневный работа многочасовой непрерывный допрос пытка подозреваемый стремление сломать человек 
24806	 весь год существование посткоммунистический россия быть случай кто-то прокурорский следственный работник быть привлекать реальный ответственность незаконный арест избиение пытка подследственный незаконный возбуждение уголовный дело 
24806	 самый трудный выдерживать пытка игра нога отходить 
24806	 я сидеть стул который много похожий орудие пытка понимать сейчас 
24806	 интимный сторона наш отношение быть я пытка 
24806	 еще я узнавать отец она никогда получать удовольствие половой сношение она супружеский обязанность который превращаться пытка 
24806	 теперь я становиться настоящий пытка 
24806	 работа мы провожать больший часть свой жизнь нельзя превращать этот время пытка 
24806	 какой-то момент он осознавать пытка больше выдерживать 
24806	 слово павел крашенинников содержание такой заключенный условие полный неопределенность сравнимый пытка недопустимо 
24806	 какой хлопкороб мочь потерять страна я мочь сказать то сын солнечный узбекистан добросовестно засорять ряд советский армия этот парень блистать ум мочь подтверждать пытка сгущенка 
24806	 сам характер исламский революция заключаться то весь шахский наследие быть оставлять пытка все остальное западный 
24806	 концерт пугачев ходить кулиса она всегда то выбегать сцена нервно ходить туда-сюда прямой встряхивать кисть рука бормотать этот пытка никогда кончаться 
24806	 потом мы узнавать добиваться признание отец жестоко избивать заставлять сутки стоять узкий карцер лишать сон сажать один камера уголовник подвергать более изощрять пытка 
24806	 я четыре помощник молотов погибать трое расстреливать застенок нквд четвертый вынести пытка бросаться шахта лифт 
24806	 джекки казаться она внутри сейчас что-то оборваться рухнуть тогда она решать прекращать пытка доставать сигарета курить она начинать 
24806	 белый полотно постель верхний вздергивать губа гнуться тонкий тело пытка отдавать ты 
24806	 заговаривать пытка она сам откусывать себя язык 
24806	 считаться страх пытка раб мочь сказать правда 
24806	 он схватывать он молчать он бросать пытка тогда он сказать звать 
24806	 писатель всегда всюду занятый один он ждать оно бамбук китайский пытка прорастать литература 
24806	 что самый интересный я знать где сейчас мой самоходка еще пытка выдерживать мелкий презрительно улыбаться 
24806	 газета новый русский слово год быть помещать вымышленный начало конец рассказ родион березово пытка который подвергаться мейерхольд 
24806	 мать этот год быть непрерывный пытка 
24806	 я готовый быть плохой пытка длительный срок заключение 
24806	 надежда бесик зураб уверенно указывать два палач тот беспечно снимать маска время еда перерыв пытка 
24806	 я стенка долетать страшный слово расстрел пытка лагерь 
24806	 один простой истина который я узнавать такой рассказ сводиться то условие барак холод голод говорить уже издевательство пытка там где человек умирать как 
24806	 я мочь себя представлять страдание этот человек который все происходить зал быть сплошной пытка 
24806	 иметься вид самоорганизация человек свой интеллект помощь тот иной знаковый система тот случай когда знак вторгаться сфера первичный сигнализация человек заговаривать слово зубной боль действовать сам себя помощь слово переносить страдание физический пытка 
24806	 г р державин искусство воскресать казнь пытка бить кресало о 
24806	 дома быть она этот настойчивый любовь этот эгоизм одновременно честный желание угождать я предупреждать каждый мой желание пытка какой-то стоить она 
24806	 начинать еще начало весна кампания недозволенный метод дознание просто пытка милиция обещать читатель 
24806	 тот ночь я давать немного поспать просыпаться мочь надзирательница будить я стучать ключ голова бляха ремень конечно это садизм соколов пытка сон 
24806	 слышимость пытка еле перерыв отстучать свой 
24806	 прикосновение человеческий больно пытка он знать запоминать папа 
24806	 я мочь потерять нэди совсем навсегда всякий пытка расстрел она побелеть ноготь посинеть 
24806	 шерстяной одеяло почти белый белье сад это пытка октава мирбо ждать когда 
24806	 этот разговор жизнь превращаться пытка я видеть страдать алеша 
24806	 пытка приговор зоя орьяхов фото рубен 
24806	 многочисленный претензия адвокат следствие самый существенный пытка применять его подзащитный 
24806	 так оно быть потому угрюмый выдерживать пытка искушение запах родной свежий пшеничный 
24806	 сочиться капля странный музыка появляться ничто он происходить завораживать движение всеобщий совокупление казнь пытка жертва исступление 
24806	 позволять вы граф прекращать этот пытка полковник барон молодость 
24806	 пытка ледяной вода солдат выдавать я 
24806	 быть свет пытка который бояться он много 
24806	 капитан сергей школьный уже много два год добиваться правда восстановление служба то попытаться публично называть виновный издевательство пытка солдат мулинский дисциплинарный 
24806	 задний число можно доказывать непосредственно это быть прямой выход наружу какой-то преисподняя сила упоение донос донос пытка 
24806	 метафизический страх он мочь мнить пытка плаха предел весь мука 
24806	 час два везти другой госпиталь опять пытка колочение днище грузовик 
24806	 соловьев пытаться объяснять признание вырывать пытка следователь грозить он карцер обряд 
24806	 видимо всегда так отмена пытка отмена телесный наказание 
24806	 смерть она пугать необходимость жить год год непрерывный пытка 
24806	 потом происходить разрыв чан кайша цюбо схватывать пытать он выдерживать пытка никто предавать тут 
24806	 придумывать быть нравственный пытка приводить заключенный он умолять 
24806	 утренний пытка газета вечер они мочь 
24806	 такой деньги они пытка молчать быть 
24806	 злой полицейский угрожать арестованный страшный пытка требовать он полностью 
24806	 вы весь свой сообщник выдавать называть имя ваш главарь я обещать избавлять вы пытка 
24806	 например добрый кричать злой злой никак поддаваться требовать что то становиться страшный пытка 
24806	 оказываться отделываться разбитый бровь мужественно переносить он пытка болезнь становиться приезжать работа 
24806	 я так снимать этот орудие пытка вздыхать она 
24806	 отсюда репрессивность ее особый внимание признание человек значит оправдание пытка 
24806	 знать обстоять дело пытка ричард коммунистический 
24806	 то рюмин вводить пытка обязательный меню мгб ссылаться 
24806	 правда столяров свой книга пытаться объяснять подчас арест пытка делаться затем потом внезапно 
24806	 услышать нести пытка теперь подтверждать двое сослуживец 
24806	 рассказ пытка больше веселить он 
24806	 этингер вероятно пытать так он умирать пытка 
24806	 то какой прекрасный результат давать пытка сталин конечно знать 
24806	 день ночной пытка происходить следующий легендарный эпизод 
24806	 он я рассказывать великий верблюжий акушер выпивать водка стараться избегать пытка баран быть 
24806	 ваш быстротечный конец вызывать я истинный зависть я сравнивать он череда китайский пытка уготовать я 
24806	 ты сам китайский пытка напрашиваться 
24806	 э палач ты распоследний пытка я устраивать это по-христиански 
24806	 тот сомневаться совершаться такой образ серьезный ошибка конец конец махнуть рука попытка пытка 
24806	 слово софичка получаться страшный все быть пытка конторский гвоздь то что 
24806	 один чегемец слушать этот ее рассказ скептически качать голова говорить такой она примерещиться пытка 
24806	 они деморализовать пытка который мы себя сметь 
24806	 дружба все этот пытка затягиваться получаться любовь 
24806	 так мой платонический любовь быть подвергать я тяжелый пытка какой-нибудь несговорчивый партизанка 
24806	 это колесо моральный пытка скрипеть инструмент дебилизация 
24806	 настя труд вытерпеть несколько минута этот пытка сунуть он десятитысячный бумажка 
24806	 целоваться она хорошо девушка миша нравиться этот затяжной прощание превращаться он пытка 
24806	 считать угощать попытка пытка задирать он чубайс понимать дурить 
24806	 другой орловский каторжный централ просачиваться мольба заключенный помощь там применяться пытка 
24806	 попытаться сунуть главный попытка пытка говориться знать кстати такой 
24806	 стараться стараться попытка пытка правда лаврентий добродушно обращаться вождь 
24806	 писать профессор лондонский университет тим шаллис статья пытка коридор безмолвие анализ 
24806	 можно помогать такой человек который болезнь движение проявляться меньший степень все равный превращать морской воздушный автомобильный путешествие непрекращающийся пытка 
24806	 сбивчивый недостоверный показание наряду прямой косвенный улика указывать несомненный причастность колдовство грубый суеверие приводить мы вывод необходимость проводить допрос пытка 
24806	 этот причина мы объявлять постановлять обвинять рехильда миллер жена медник николаус миллер город раменсбург должный быть подвергать пытка сегодня семь час пополудни 
24806	 сейчас они разговаривать два человек случайно встречаться мрачный лес страх страдание где дерево орудие пытка река желобок сток 
24806	 ведьма подвергаться более легкий более мучительный пытка смотреть тяжесть преступление 
24806	 время пытка они задаваться вопрос тот 
24806	 время пытка они задаваться вопрос тот 
24806	 умеренно пытать продолжать запираться он раскладываться иной орудие пытка он предупреждаться они 
24806	 он это упорствовать его присутствие читаться приговор продолжение допрос пытка второй третий день 
24806	 судья следовать позаботиться то заключать весь время пытка быть наблюдение стража 
24806	 обвиняемая рехильда миллер быть подвергать допрос пытка сознаваться то вступать 
24806	 сперва мы долго увещевать они сначала добро потом пытка 
24806	 я мочь подвергать ты пытка сообщать я включать кофеварка 
24806	 что мурзик почему ты подвергать его пытка выкрикивать она 
24806	 осведомляться дозволять она покидать этот вертеп эксплуататорский разврат кровосос желать задерживать она подвергать пытка 
24806	 изя раздраженно сказать дама просить подвергать ее пытка это можно устраивать 
24806	 я договариваться один дерево пытка 
24806	 заглядывать я магистр попытка пытка деньги нужный оставаться наедине 
24806	 он ожидать что ловушка подкоп сражение пленение пытка смерть пустота 
24806	 когда-то находить определение он решать объяснение избавляться настигать одночасье укол удар неожиданный болючий одномоментный наталья сразу пытка 
24806	 мой голос быть давать я инструмент вдохновение мой друг орудие пытка мой враг сказать однажды 
24806	 я конечно понимать это мой отец он замечательный благородный человек который пытка оговаривать никто себя 
24806	 заниматься лыжный тренажер шагающий ступенька течение минута пытка 
24806	 петр убивать пытка замучивать смерть болезненный слабый 
24806	 непреодолимый желание пытка терзать он придерживать мальчик замедлять 
24806	 этот способность он приобретать еще юность она показываться он настолько важный практичный единожды проделывать это он приниматься тренировать тело контролировать несознательный движение сон сперва превращать ночь жестокий пытка умопомрачительный дрессировка плоть лишать естественный 
24806	 вина свой он так признавать выдерживать пытка лагерный администрация держаться независимо 
24806	 семеро признавать она вдова правда трое пытка 
24806	 почему почему этот пытка трижды присниться он 
24806	 она признаваться она быть дочь пытка 
24806	 это я распинать канат пыточный клеть конунг кстати пытка князь рюрик прежде мы 
24806	 он схватывать он мочь признаваться пытка кто приказывать он убивать родной 
24806	 я быть твердить это самый страшный пытка клясться память мать 
24806	 она уже смиряться собственный судьба внутренне надеяться угадывать хотеть она услышать грозный боярин угадывать весь сделать то убивать она пытка мучительно медленный казнь 
24806	 такой образ ты избегать мучительный пытка еще более мучительный казнь 
24806	 я отсиживаться генуя сорок четвертый он рассказывать похищение муссолини прятаться все враг друг погреб пиццерия кривой джакопо серпенто пицца приходиться есть завтрак обед ужин запивать молодой вино уже месяц это превращаться пытка 
24806	 три минута пытка мальчик некоторый время потерять 
24806	 шпунтик левинсон собираться пытка прозвище 
24806	 стоить что-нибудь случаться он он разом оборачиваться нечистый сила я казаться его глаз наливаться кровь гневный хрип булькать глоток трость превращаться орудие пытка 
24806	 что я думать что отрекаться неврозный пытка рано поздно я все 
24806	 сам трусить издавать звук потому кружить кровать пытка колесо душить водочный 
24806	 он стоять милиционер пахнуть халва печение чайхана они прилавок ненавидеть он пытка выдерживать этот запах 
24806	 слабость он обнаруживать нельзя отчаянный порыв прекращать этот пытка он выскочить заорать 
24806	 существование лео удар палец один тот клавиша монотонный китайский пытка 
24806	 мама чувствовать мир который она прежде состоять братский нежный отношение отступать она кромка пересыхать озеро изменяться сам звучание жизнь она переставать болтать свой легкий цветастый язык ее ситцевый крепдешиновый пытка отдаваться голова монотонный дождь 
24806	 она придумывать еще большой пытка выпускать огненный дракон сегодня 
24806	 тут один черт милосердный сообразительный остальной опрометью выбегать палата несколько секунда музыкальный пытка кончаться отец 
24806	 осторожный капание голова вода чайник такой быть дикий метод последующий ее стекание лицо шея быть вполне подходящий пытка 
24806	 г отношение заведомо несовершеннолетний лицо заведомо виновный находиться беспомощный состояние материальный иной зависимость виновный равно лицо похищать захватить качество заложник д применение пытка е группа лицо группа лицо 
24806	 тот деяние соединять применение насилие издевательство пытка 
24806	 говорить лагерь я быть жертва жестокость я стоять опасность смерть пытка я каждый минута мочь говорить 
24806	 механизм исповедь известно приводиться движение раскаяние сознание греховность чувство вина содеять угроза наказание пытка 
24806	 наслаждение вспоминать приезд пайерлс то более они подвергать я пытка английский язык 
24806	 стрелец пытать его сам один они протоколировать все доктор говорить пытка этот человек мочь быть 
24806	 ника известие быть он сказать я выходить тюрьма один друг его отец сообщать нквд бить заключать применять пытка 
24806	 это быть легенда полстолетие я подтверждать это другой его однокамерник специально находить я пытка новость ленинград быть 
24806	 я это коробить я быть издавна мальчишеский интерес образ пытка казнь еще время 
24806	 совершенно уже ничто понимать я сдирать она одежда представлять это кончаться зачем я это делать что подвергать этот пытка она себя 
24806	 проходить она пытка тринадцать сутки подряд сон 
24806	 ты он находить попытка пытка па апиток питок вэрный 
24806	 он мгновенно скидывать может правда применять допрос пытка последний день он 
24806	 посудить сам такой кровавый след дорожный происшествие мой участие обходиться жертва три час втора участник происшествие погибать вместе пять свой сотрудник сутки тягач след столкновение быть обнаруживать можно так выражаться обрамление труп девять покойник они женщина след нечеловеческий пытка убивать тот 
24806	 ты хотеть я устраивать ты пытка 
24806	 нужный уже пытка наркотик сажать парень 
24806	 кончаться этот пытка я поздно мама 
24806	 продолжаться этот пытка тот пора клара 
24806	 горький его требование оставаться один один мальчик год четырнадцать вызываться рассказывать горький весь правда весь пытка который подвергаться заключенный физический 
24806	 персидский жена чей ребенок агафон ильич харитонов муж пытка персидский жена сталин считать осетин 
24806	 вышестоящий командование как специально устраивать пытка лишать сон 
24806	 мы должный помнить положительный роль страдание иметь человек тогда он он принимать тогда этот страдание он налагать пытка который он понимать 
24806	 пленный сажать мина говорить быть такой пытка телефон привязывать провод половой 
24806	 преступление большевик который россия быть равный время пугачевский бунт весь христианский мир время первый республика мочь смущать его душа разум потому большевик представляться он воплощение абсолютный всеобщий зло самость зло ужасный быть весь этот преступление организовывать поощрять большевик расстрел несогласный пытка подозреваемый захват заложник убийство священнослужитель 
24806	 суд который конечно мочь оставлять жить человек который давать бог кто-нибудь рассказывать какой пытка унижение они подписывать донос 
24806	 близко средний тетрадка он уже трудно скрывать свой недовольство тирания кнут пытка бестолковость спешный царский указ 
24806	 она смотреть они там они смотреть друг друг раненый глаз этот пытка быть конец 
24806	 кто осуждать мучение пытка он вытерпеть соглашаться 
24806	 судьба кобрисова мочь так решаться примыкать он тот двадцать пять который октябрь день панический бегство москва увезти куйбышев часть саратов там оказываться напрасный все их препирательство допрос стойкость перенесение пытка надежда оправдываться суд их 
24806	 ничто добрый обещать генерал столица где испытывать он унижение который улечься беспощадный память конец его день где один час быть он ссаживать конь растаптывать прах где лубянский следователь опрядкин ставить он колено угол шлепать рука линейка весь пытка мочь быть так 
24806	 летописец имам мухаммед тахир карахский писать этот страшный день защитник ахульго смерть больше избегать искать высокий благо окончание весь мука пытка 
24806	 стоить подчеркивать варшавский охранный отделение арестованный выбивать показание помощь пытка практиковать чин прочий подразделение 
24806	 тот поверять однажды количество непременно переходить качество наращивать децибелла пениться переливаться край монотонно увеличивать производство пузырь они наконец заполнять пространство время они становиться видно приговаривать пытка словом сам оратор 
24806	 научаться детство самоудовлетворяться он изнывать этот пытка воображение перенапрягать плоть надежда 
24806	 еще плохой пытка быть потерять короткий 
24806	 помнить ночной кошмар я предлагать калмыков заменять сад пытка страсть грудь костюмерша эффект 
24806	 быть молчать это должный последовать пытка кстати презрительно двоечник 
24806	 лимон указывать мы маленький креслице орудие пытка сам садиться один 
24806	 я проходиться зал интересный здесь орудие пытка дыба 
24806	 вдруг зазвонить телефон тяжелый железный трубка тесный военно-морской зажим похожий орудие пытка труд вытаскивать 
24806	 мы ляля зайти очень маленький очень дорогой я сказать изысканно извращенный бутик там белье черный жгут выглядеть белый тело орудие пытка 
24806	 мы знать это наш сердце разрываться невозможность помогать облегчать он этот становиться пытка дорога 
24806	 мы очень нужный быть лошадь потому мы трое оставаться ровный счет три здоровый нога последний километр представляться мы пытка 
24806	 что ты признаваться пытка я друг 
24806	 скоро он расстреливать рано пытка лишать рассудок выбивать 
24806	 первый человек власть перечить это вовсе порука его защищенность второй операция производиться чекист какой-нибудь многомиллионный меньший масштаб производить быть деревня тот который мы давать себя труд ужасаться третий следствие заключенный бить показание их давать пытка они мы вправе 
24806	 год война он быть арестовывать трагически погибать тюрьма пытка 
24806	 почему-то мошка комар он садиться запах быть он особенный кровь заговаривать бабка детство то быть благословение северный болотное край жизнь превращаться медленный сводить ум пытка 
24806	 догадываться государь быть казнь она одеваться белый шелковый платье черный лента сомнение надежда красота ее уже поблекнуть пытка заточение производить впечатление 
24806	 я потерять власть себя я покрывать пожирать поцелуй этот прекрасный грудь который казаться создавать любовь наслаждение мой дерзкий рука ласкать этот алебастровый шея я дрожать я переносить пытка 
24806	 он жечь огонь уста проникать пьющий пламень подавлять крик славословить бешено пытка 
24806	 я сам она убивать я подспудно хотеть ее смерть потому мочь больше выносить пытка любовь 
24806	 надо никакой котел кипеть смола плохо любой пытка 
24806	 иметь вид я выдерживать пытка 
24806	 мочь быть знать пытка каждый секунда ощущать себя жить 
24806	 мочь случаться человек уписываться ожидание пытка беглый взгляд набор 
24806	 известный все подвальный пытка тот год я поражать присутствовать 
24806	 сила вытерпеть этот пытка он сорвать трубка рычажок 
24806	 известь белый санька стойко выдерживать этот пытка успевать соображать что 
24806	 этот пунктуальный самоэкономия этот педантичный пытка бедный женщина будить я 
24806	 никто должный подвергаться пытка насилие другой жестокий унижать 
24806	 каждый оперативный совещание быть настя каменская пытка мука мученический она чувствовать себя 
24806	 наверное ты мысленно готовиться описание допрос избиение пытка нечеловеческий мужество цып который 
24806	 подобный эпизод назло один другой запузыриться память он пытка никогда рассказывать этот 
24806	 тишина становиться визитер невыносимый превращаться настоящий пытка 
24806	 это религиозный изувер подробно разрабатывать порядок допрос способ пытка добиваться несчастный попадать 
24806	 иметься много достоверный рассказ факир религиозный фанатик средневековый ведьма колдун свидетельствовать то состояние экстаз они утрачивать чувствительность боль поразительный стойкость переносить самый невероятный истязание пытка т п 
24806	 один письмо эрнст тельман рассказывать он подвергаться пытка 
24806	 священник грандье давно подозревать связь дьявол нечеловеческий пытка он быть сжигать 
24806	 мочь быть она вырывать он пытка моральный физический 
24806	 братский гэс печататься исторический инерция долгий время мочь оставаться один последний библиотечный источник молодежь узнавать часть правда время террор пытка 
24806	 разумеется никакой пытка избиение прочий привычный 
24806	 я замучать ты насмерть пытка диктаторский застенок ты 
24806	 он понимать ольга сейчас задыхаться этот чудовищный жара этот каморка крик толпа становиться громкий он тут соображать духота быть главный пытка 
24806	 я сам придумывать вы этот схема выбор предательство пытка выбор потому давно хотеть 
24806	 она воевать первый наивный представление земля покоиться сказочный слон черепаха развенчивать библейский легенда рваться сгорать истина костер пытка всегда весь век 
24806	 как выглядеть например явление летаргия глаз простой предубеждать наблюдатель быть погребать заживо сомнение один ужасный пытка когда-либо выпадать доля смертный 
24806	 искусство воскресать казнь пытка бить кресало о 
24806	 так набег образ более широкий емкий один определенный сражение конкретный подробность его например пытка патрикей быть почерпать летопись 
24806	 нашествие татарин битва натурный эпизод церковь пытка патрикей 
24806	 вряд уже увидеть фото умирать кувейтский ребенок жертва пытка казнь кувейтец вообще 
24806	 мы государственный интерес блюстись спешить поэтапно первый этап пытка недоверие самый дело биомос 
24806	 выдерживать спасение жена несколько голодовка пытка искусственный кормление он никто 
24806	 этот письмо эйха отрицать свой виновность предъявлять он обвинение сообщать то он оговаривать сам себя потому он применять ужасающий пытка бить больной позвоночник 
24806	 я много рассуждать процесс объяснять признание обвиняемый пытка 
24806	 бухарин очевидно внушать вы показание достигаться пытка 
24806	 два неделя отец мучительно умирать сидеть кресло лежать дышать вовсе мочь это быть пытка камера вспоминать последний день 
24806	 вместе то это быть типичный тот время допрос пристрастие применение пытка психологический воздействие цель 
24806	 ужасать пытка лефортовский тюрьма я слышать 
24806	 я успевать спрашивать асвердлов какой цель он хотеть подвергать я пытка вдруг по-видимому сильный 
24806	 самый страшный пытка вы уже совершать андрей яковлевич 
24806	 шмидт снова подтверждать свой клеветнический показание прощаться якир действительно тайком сунуть он рука заранее заготавливать записка который сообщать ворошилов свой непричастность террор объяснять показание вызывать пытка 
24806	 что он символизировать никогда мочь добиваться пытка цецилия твой часть 
24806	 я привередничать палочка быть пытка это вы никогда 
24806	 уверенный никакой другой нормальный человек этот пытка вынести смочь 
24806	 нота я уже говорить мы принципиально писать вкус человек отличаться наш добиваться он два нужный нота быть пытка мы 
24806	 так быть задумывать пытка развязывать язык 
24806	 весь это накладываться такой понятный мы отдаленный потомок страх темница пытка эшафот кивнуть люсин 
24806	 заковывать цепь епископ доставлять подземный тюрьма следственный камера где уже все быть готовый пытка пропускать блок веревка раздвижной 
24806	 это достаточный повод применение пытка 
24806	 этот случайный встреча секретарь кардинал быть избавлять пытка 
24806	 несколько день неделя все сначала ошибка исступление раскаяние пытка совесть новый убийство 
24806	 заговор раскрывать все смочь устаивать пытка тирадентис дрогнуть вынести 
24806	 мы крест связывать он тайна наш спасение тот время крест быть как страшный употреблять такой слово орудие пытка смерть 
24806	 потому еще забывать зотов объяснять она разница любопытство любознательность любо пытство любовь пытка любо знательность любовь 
24806	 где-то тайник его сердце душа оставаться надежда этот показание выходить рука безграмотный следователь мой фамилий писать они протокол их прочитывать кто-то высоко кто-то обладать способность логически мыслить там высоко понимать показание кольцов выдумка результат пытка много то 
24806	 готовиться свой последний слово суд доказательный опровергать все выбивать он следователь помощь пытка 
24806	 он отказываться весь свой показание они быть давать пытка угроза 
24806	 потому вынужденный оговор другой сам себя пытка еще один грань трагедия 
24806	 я узнавать человек пытка угроза 
24806	 человек который клеветать другой пытка доносчик 
24806	 пытка он нарисовать фальшивый картина 
24806	 главный вопрос себя ты как поводить себя там атака пытка 
24806	 никакой пытка ад заставлять я 
24806	 деятельность эйха я уже рассказывать шеболдаев читать материал посвящать шолохов весь трое погибать пытка посадить они поздно когда 
24806	 этот слово вы никакой пытка я заставлять сказать 
24806	 говорить попытка пытка дома ребенок плакать 
24806	 много время уже ваш разрыв твой теперь уже бывший муж вырываться порыв хмельной откровенность какой это оказываться пытка быть зять генеральный директор 
24806	 внимательный читатель обнаруживать проблема наркомания спор гомосексуализм размышление природа левый правый экстремизм рассуждение бессознательный партнерство жертва палач также психология пытка весь это равный мера 
24806	 сламывать пытка ремигий кричать свой преследователь мы 
24806	 вообще диалогический опыт достоевский проходить эко даром рассуждение сладострастие пытка звучать прямой перекличка 
24806	 время этот пытка мы биться судорога 
24806	 апрель год он писать сталин связь хлебозаготовки колхозник применять омерзительный метод пытка избиение надругательство 
24806	 следствие вестись видимо еще применение пытка то имя обвиняемый 
24806	 главный орудие воздействие большинство участник судебный процесс быть пытка истязание 
24806	 это сталин пристыжать орджоникидзе направлять он вырывать пытка ложный показание 
24806	 быть арестовывать подвергать пытка выживать п роботти зять 
24806	 спор обсуждение начинаться конференция страница печать заканчиваться нередко пытка расстрел застенок нквд 
24806	 год большинство этот капитан советский индустрия быть арестовывать многий они быть расстреливать умирать время пытка этап лагерь 
24806	 никакой пытка побои мочь он 
24806	 я рассказывать киев реабилитированный командир красный армия встречать улица следователь который подвергать пытка подследственный тут застреливать он 
24806	 вериться пытка мочь сламывать человек такой сорт 
24806	 могила этот преступник т е еще сидеть он подсудимый признаваться пытка весь мыслимый немыслимый 
24806	 сейчас широко известно слепо глухой это замечать делать вид замечать сформировываться страна режим первый очередь сам сталин его близкий приближенный ответственный чудовищный преступление иметь равный история гибель миллион человек пытка смертельный организованный голод 
24806	 я уже много знать ужасный преступление арест безвинный пытка голод насилие 
24806	 она арестовывать уже гибель муж застенок нквд подвергать пытка добиваться признание виновность муж 
24806	 берия его ведомство красный книга быть лаборатория проблема откровенность вероятно там заниматься химический средство растормаживание психика мочь технология пытка 
24806	 терминология международный амнистия эмнести интернейшнл международный организация выступать освобождение политзаключенный все мир пытка смертный казнь участник самолетный 
24806	 следователь это быть прекрасный возможность легальный пытка абстиненция можно быть уверять 
24806	 июль год я выдерживать пытка полный изоляция люся мысль 
24806	 прокуратура просто штамповаться дело человек сознаваться убийство осужденный казнить который потом оказываться полностью непричастный преступление т е их показание явно быть давать результат избиение другой пытка 
24806	 борьба фальшивомонетчик он глава монетный двор прибегать суровый мера участвовать допрос пытка 
24806	 как мочь такой хрупкий существо иногда ребенок мученица вера надежда любовь быть маленький девочка как они мочь выдерживать такой злоба такой пытка 
24806	 наш день доходить мученический акт где подробно скрупулезно записывать кто говорить описывать весь мучение который подвергать христианин какой применяться пытка 
24806	 рано римский закон предписывать хватать христианин заставлять они отрекаться вера они отрекаться применять пытка тот кто оставаться верный 
24806	 так земля посылаться душа наказание проступок мучение пытка 
24806	 уже детство пытка то ты хотеться 
24806	 пытка то другой давать много 
24806	 пытка то другой оказываться любить 
24806	 пытка то другой оказываться любить 
24806	 пытка то другой ребенок успевать 
24806	 все огромный пространство наш страна редакция весь газета книга журнал всегда повиноваться дирижерский палочка стоять пульт дирижер допускать допускать свой страница другой сообщение например беззаконный арест пытка быть один 
24806	 это получаться он достойный так он вражий допрос претерпевать пытка правый дело 
24806	 они ничто обещаться то они называть себя ученик христос ничто пытка слезать истязание смерть 
24806	 сейчас турок перекрывать весь дорога мы смочь находить обходной путь ты думать бранко выдерживать пытка угрюмо отвечать меченый 
24806	 отвиновский мочь быть тут задерживать убивать то подвергать пытка шанс вернуться он быть 
24806	 хождение уборная соборн оставаться он пытка 
24806	 всякий случай я изведывать рукоприкладство физический мучительство пытка сделаться непременный принадлежность допрос 
24806	 спрашивать наивность поторопиться рассказывать он задерживать незаконно предъявлять доказательство вина подвергать смахивать пытка многочасовой допрос вымогать признание 
24806	 заранее составлять список все кто что-нибудь мало-мальски выделяться объединять помощь провокатор лжесвидетель пытка запугивание преступный группа 
24806	 быть этот протокол целиком подложный следователь удаваться угроза пытка добиваться такой показание приходиться 
24806	 стремиться они захватить пленный пытка выведывать несчастный далеко 
24806	 они ограбить тамошний успенский собор схватывать соборный ключарь патрикей пытать он требовать указывать где спрятать сокровище тот молчать пытка умирать даниил его брат 
24806	 я завтра прийти сказать ариэль этот день начинаться ежедневный пытка рано утро он заходить 
24806	 мы бить лишать передача лишать сон быть самый страшный пытка 
24806	 самый строгий закрытый военный суд неизбежно вскрываться факт пытка избиение 
24806	 слушать здесь все написать вышуупомянутый иоганн хербст прозвание опоринус задерживать снятие допрос настояние медицинский коллегия капитул храм сзятый петр угроза пытка подтверждать его учитель лекарь 
24806	 признаваться убеждаться обманывать я я приказывать подвергать раб пытка 
24806	 вообще лев я давно видеть словом приготавливаться допрос пытка 
24806	 железный дева подумать он покачать голова представлять себя этот средневековый орудие пытка нечто железный человеческий 
24806	 приготавливаться получать привычный порция пытка я восходить крыльцо 
24806	 опыт попытка пытка усмехаться семенов попытаться 
24806	 помощь пытка опричник его человек узнавать 
24806	 я бояться лагерь выдерживать пытка 
24806	 это быть восприятие мужчина женщина который приходиться более стыдиться себя они преодолевать чувство вина они научаться отождествлять себя лжеотца создавать освенцим вьетнам камера пытка весь мирской церковный охранка 
24806	 все быть прекрасно никто вспомнить нога правда потому этот правда добывать пытка больно ударять нога 
24806	 вспыхивать чувство жалость любовь лизанька бурнашов раскрывать старинный записка великий смута казацкий атаман баловень пировать север людской кровь вместе гетман шелководский тот казак садиться деревня разорять повоевать основание крестьянин жженый мы видать много семьдесят человек мертвый много сорок мужик женка который помирать мучение пытка замерзать 
24806	 я смысл главный басмач обнаруживать проникать банда красный разведчик срывать он фальшивый усы допрашивать пытка тот выдавать свой 
24806	 вы становиться мучить я много мука так много пытка 
24806	 тогда е начало х пытка казнь смерть предшествовать десятилетие 
24806	 как там быть тот пятница быть пятница пытка мы весь сидеть 
24806	 почему город все это казаться нормальный этот дьявольский пытка издевательство 
24806	 этот грех целиком лежать я участник поход курить рекомендоваться я вытаскивать сигарета один походник фамилия который я называть пытка заговорщически подмигивать потянуться 
24806	 доводить сумасшествие свой пытка другой человек он терять 
24806	 устройство компьютер я как уже быть сказать ничто совершенно смыслить поэтому никакой связанный они тайна выдавать мочь пытка 
24806	 подвергаться такой пытка другой узник совесть я 
24806	 расстрел смерть пытка как мы быть трезвый 
24806	 рассмешить ты гуревич ожидание маленький пытка 
24806	 прохоров пробовать еще чуть-чуть развеселять гуревич пытка 
24806	 ты там находить орудие пытка робот который писать я 
24806	 я пытка признаваться нина юльевна что 
24806	 так называть кривая экзамен реформатский вывозить никогда студент легкомысленный неподготовленный экзамен превращаться маленький пытка сдавать покидать аудитория один счастливый 
24806	 время становление характер герой время его заблуждение то суметь они герой его товарищ пронести живой душа пытка одиночный заключение крепость 
24806	 душ слабый нитка она подставлять этот струйка темя готовый любой пытка 
24806	 читатель приготавливаться сцена обыск пытка ужас должный срочно 
24806	 он бояться унижение который он приходиться подвергаться время сеанс бояться пытка который быть подвергать его мужской 
24806	 тут он взять рука бумажка который его бисерный почерк быть перечислять весь мой пытка 
24806	 заря враг увидеть они обманывать заводить они сусанин глухой чаща верный гибель его ждать лютый пытка смерть сусанин вспоминать свой 
24806	 это быть человек способный любить враг любить гонитель пытка молиться то бог 
24806	 массовый террор население ставка страх пытка расстрел старик женщина ребенок 
24806	 наташа жена я хотеть чувствовать себя виноватый пытка честный слово 
24806	 медленно идти тяжелый груз это пытка 
24806	 я корчиться пытка менее позорный мука 
24806	 написать этот формула пытка продолжаться хороший два час я 
24806	 это говорить мученик первый век христианство это слово который они произносить свидетельствовать то бог христос они дорогой жизнь этот слово они себя предавать поругание пытка смерть 
24806	 тут быть пытка мучение издевательство мертвый 
24806	 то сухой вино это напиток пытка его усиживать еще надо 
24806	 вскоре двенадцать слава бог пытка этот кончаться 
24806	 работать страшный скука нет больший пытка этот работа свой 
24806	 историк вспоминать также многое как хорошо известный никогда произноситься петр тайный канцелярия день ночь работать преображенский пытка казнь служить средство наш 
24806	 я сова я утренний подъем настоящий пытка делать зарядка посоветовать лада удивляться 
24806	 такой он оставаться память инспектор проводы нерв ожидание пытка время исход горизонт 
24806	 хороший они быть вольготный лихорадка сбор пытка ожидание первый залп 
24806	 начинаться они пиршество генка очередной пытка время который он отсчитывать сотня 
24806	 он сказать данный удав нарушать междупородный договор гуманный отглота вести обрабатывать кролик издевательский разговор применять пытка вид колебание каприз 
24806	 имя дракон прикрывать застонать он выдерживать этот пытка быть здесь кто-нибудь 
24806	 заставлять заговаривать она быть невозможно потому тело белка вернее ухо быть никак приспособлять единственный известный тот время королевство метод пытка 
24806	 признавать он спускать вниз повторять пытка 
24806	 это длиться пытка откладывание рейс 
24806	 кто одноклассник быть это дело урок гармония я ставить обморочный троечка каждый экзамен я идти пытка дрожать рука расширять 
24806	 знать сегодня я понимать какой страшный пытка инквизитор быть вода 
24806	 брат немецкий коммунист бывший депутат рейхстаг сидеть концлагерь насколько я понимать его дальнейший поведение пытка гестапо сходить ум 
24806	 оставаться еще один день пытка быть я очень тяжко 
24806	 заявлять весь мир все весь гражданин воин свободный страна бороться фашизм также германский народ я заявлять немецкий солдат охранный отряд фашист совершать столь непостижимый ум зверство правый геббельс чернила наливаться кровь быть я угрюмый фантазия самый дьявол я придумывать подобный пиршество пытка смертный вопль мука жадный истязание 
24806	 ион овсеич язык вертеться слово народный поговорка услужливый дурак опасно враг приходиться молчать этот пытка мочь продлиться бесконечность 
24806	 какой-то садистский пытка погибать он соглашаться погибать 
24806	 представлять истлевать пленка кинохроника где бульдозер сгребать куча голый тело оставаться тысяча год легенда ад застенок пытка уже никто поверять 
24806	 рудзутак превосходный работник скромный честный станислав коссиор твердо хранить свой наивный вера коммунизм быть арестовывать чекист несмотря какой пытка хотеть возводить себя 
24806	 локкарт теперь понимать левый эсер ждать тот участь который выпадать они правый собрат впереди убийство пытка который сейчас можно 
24806	 можно пылко восхищаться прогресс слушатель хмыкать вспомнить пытка где-нибудь чили 
24806	 может потому устаревать сам слово пытка 
24806	 однажды он объявлять положение становиться безнадежный единственный оставаться этот массовый самоубийство слава социализм наемник подвергать все страшный пытка смерть джонстаунец доставаться 
24806	 их рассказ позволять достаточный достоверность представлять себя какой пытка они подвергаться там 
24806	 объяснять прекрасно объяснять хорошо мы вы тут имя благородный цель то одобрять вслух иной вслух одобрять постыдиться как замечать китай террор их запугивать пытка убийство 
24806	 их общежитский комната девять квадратный метр постепенно превращаться она камера пытка она ненавидеть она вечно мокрый 
24806	 пытка начинаться сразу то как 
24806	 я идти шагать москва быть страшный пытка измученный шпион хотеть уснуть 
24806	 я желать тот вечер побеседовать он музыка кой что расспрашивать он данилов сидеть такой являться муравлев пытка теперь приходить себя 
24806	 ты быть этот зал где орудие пытка 
24806	 я очень высоко ценить деятельность эмнисть интернейшнл она борьба освобождение узник совесть пытка смертный казнь деятельность международный 
24806	 слово почти быть когтистый оно терзать он быть глупо терзаться рано он этот пытка знать рано он 
24806	 далеко север быть наш дом сейчас там стоять мороз заметать дорога утро приходиться вызывать бульдозер белый пар кровля выходить дом тепло недолгий пребывание камера пытка ранний весна год когда 
24806	 второй день обед зальцбург поехать экскурсия поблизости замок помещаться средневековый камера пытка 
24806	 все быть навеселе обед разбредаться хохот шутка громадный замок слоняться ход зал подземелье где полумрак висеть торчать дыбиться орудие пытка счастие один 
24806	 тихий волна понести сапожников он закачаться первый раз этот лютый год потому он становиться смысл сопротивляться потому первый раз он должный быть кто-то хранить навязнуть он облик хранить тогда весь облик быть разбивать он продавать четыре год длиться этот метель этот пытка он сдирать панцирь 
24806	 никто его коллега купить рынок глиняный кот пытка бесформенный серый кот розовый 
24806	 конечно специальный задание сверху применять пытка 
24806	 время спокойный пытка выдерживать давать укалывать 
24806	 соль то молчать никогда я ты говорить пытка выдерживать оно 
24806	 сам себя этот облако быть уже лагорио м б пытка память вариант воздушный путь 
24806	 я знать уезжать я ехать душевный пытка 
24806	 какой пытка я болтун молчать уже целый 
24806	 он устаивать вчера аппетитный свиной голяшка горохов пюре хрен перетирать свекла желудок плотоядный бурлить сок давиться поесть творог овощ сегодня чертов баба страшно придумывать пытка 
24806	 христиан уже швырять растерзание дикий зверь аутодафе публичный казнь пытка огонь железо 
24806	 страшный побои пытка быть волынский злобный торжество 
24806	 он отменять пытка избиение подследственный продолжаться 
24806	 время съемка эпизод пытка патрикей я приходиться помучиться 
24806	 снимать сцена пытка актер играть татарин подносить 
24806	 ехать забинтовывать надеяться сосед купе принимать я герой резистанс который немец подвергать пытка они думать 
24806	 она доска выходить всегда быть пытка мочь она выносить 
24806	 каштан ругать она опоздание таня находиться отвечать замолчать упрямо глядеть пол пытка она слово добиваться 
24806	 десятилетие мучить человек столовая быть запрещать давать обед выпивать целебный доза потом сказать это быть лекарство сам лечение обращаться пытка врач поумнеть честно это понимать 
24806	 он голова расшибать время продолжаться этот пытка сколько ломать выворачивать григорий 
24806	 все весь она переживать весь вынести измена муж смерть взрослый сын немилость старший брат позор стыд незаконнорожденный ребенок видеть свой заулок борька этот пытка быть свыше ее сила 
24806	 лиза быть пытка мука мученский идти задичалый 
24806	 это самолюбивый егорший быть плохой всякий наказание всякий пытка 
24806	 опять ум сходить опять пытка живой 
24806	 использоваться более утонченный техника пытка электрический шок содержание 
24806	 вопиющий факт глумление человеческий личность факт зверский пытка издевательство который подвергаться араб 
24806	 перенести такой пытка она погибать становиться 
24806	 в-четвертых уже двадцать год нет массовый террор нет повальный арест ночной бандитский налет обыск издевательство нет пытка 
24806	 протрезветь рассказчик замыкаться спешить исчезать поезд перрон трудно ступать ревматический нога начищать ботиночек некто разыскивать человек подвергать пытка его отец 
24806	 известно очевидец страница официальный печать сталин существовать концлагерь они попадать миллион рабочий крестьянин военнослужащий интеллигент партийный работник религиозный деятель иностранец частность искать политический убежище ссср представитель национальный меньшинство мы знать многие доходить лагерь они замучивать пытка расстреливать доводить самоубийство 
24806	 они считать пытка тюрьма лагерь убийство преступление 
24806	 угроза запрещение научный деятельность сожжение неопубликованный труд пытка он вынуждать быть отрекаться 
24806	 бредовой сон ночной мысль рассказ другой рисоваться он последний обиталище где главный пытка быть то вокруг чужой старость никто 
24806	 лист переписывать документ тяжелый время шесть год назад галя умирать сам чуть умирать пытка горе архив 
24806	 мальчик это быть равносильный пытка держать ковш вода 
24806	 я сила далее живописать этот пытка это быть последний раз 
24806	 мы лежать прибрежный камень смотреть наш этап удаляться направление город навстречу пытка коллективный баня дезкамера 
24806	 преобладать боль они себя то чей-то дьявольский воля я обрекать пытка более страшный голод 
24806	 первый день здешний жизнь быть я острый пытка 
24806	 еще раз приходиться я наблюдать беличий мочь корчить человек мука угрызение совесть как сравнительно этот пытка ничто стоить тюрьма 
24806	 они превосходить мы умение орудовать топор кайло тачка далеко отставать мы умение выдерживать пытка 
24806	 ты поистине мастер выдумывать себя новый пытка 
24806	 один минута я пронестись весь весь пытка весь камера весь шеренга 
24806	 стоять он идиот шелохнуться пробка перевертывать вверх нога пытка пейзаж пустыня гора 
24806	 они даровать он жизнь быть возможность физический существование то самый усугублять его пытка 
24806	 событие этот неделя обрушивать мы столько все истинный отдых получаться нешуточный пытка 
24806	 этот история я еще много то убеждаться разлука она быть пытка 
24806	 рождение михаил отец освобождать этот несчастный столь смешной пытка 
24806	 фильм никто коробить убийство пытка человек зритель протестовать 
24806	 когда-нибудь нужно умирать попытка пытка мочь еще раз посмеяться 
24806	 этот пытка быть ужасно истязание 
24806	 весь верующий стоять угроза пытка смерть мученичество 
24806	 ожидание возглас он смертный я пытка один я просить господь 
24806	 прочитывать например муция сцеволе полагать рука пылать жертвенник показывать свой презрение пытка смерть я сунуть 
24806	 можно приводить множество свидетельство то террор х год свирепствовать грузия сильно большинство другой республика здесь гораздо чаша выноситься смертный приговор пытка отличаться особый изощренность 
24806	 знать солженицын затхлый сундук вернуться арестованный е год коммунист они тот страшный каторжный лагерь след пытка истязание 
24806	 демократический франция уже потерпеть поражение индокитай долго вести еще кровопролитный война алжир время который весь алжир быть покрывать концлагерь пытка истязание становиться обычный явление 
24806	 михеев желать неиспытанный обладание ничто знать мы наставник ученик беседовать здесь печальный предел м этот некто многоногий доисторический ящерица бесконечный средневековый пытка идти идти ведать 
24806	 там шкаф рядом перхать репродуктор поблескивать орудие пытка кожаный саркофаг 
24806	 исследовательский установка ансуорт позволять растягивать палец усилие кг напоминать орудие пытка время инквизиция 
24806	 стоить воображать страдание самсонов чистый лист бумага его пытка неуловимый слово никитин испытывать 
24806	 возможный этот братский могила погребать герой очень слабый человек который вынести пытка гестапо становиться предатель выдавать 
24806	 еще час назад они везти я машина я готовиться что тюрьма пытка смерть тут 
24806	 дверь опять затрещать пытка слушать кто-то дверь 
24806	 допрос пытка несколько раз терять сознание 
24806	 я мало думать то ночь я мочь снова вызывать допрос подвергать пытка 
24806	 лефортово сухановка более строгий метод следствие лубянка бутырка часто применяться побои пытка 
24806	 особый поддержка заслуживать подымать этот организация международный кампания применение пытка 
24806	 потому самый дело злобность пытка 
24806	 ольга васильевна часто раздражаться может следовать боже мой теперь делать раздражаться напрасно несправедливо никак мочь перебарывать себя потому совесть говорить быть причина теперь этот воспоминание пытка оттого мочь час забывать 
24806	 кто находиться сердце настолько любить настолько верный непоколебимый любовь быть робкий иосиф потаенный ученик никодим тихий жена мироносица предатель петр юный иоанн кто находиться такой сердце тот устаивать пытка страх угроза оставаться 
24806	 девушка казаться самый страшный пытка вырывать она 
24806	 рано контрразведка соблюдать формальный законность теперь человек хватать разбор любой подозрение застенок применяться самый изощренный пытка многий видеть метаться город 
24806	 платонизм свидетельство раб приниматься пытка 
24806	 пытка быть адвокат мочь отклонять 
24806	 длить пытка он становиться судорожно глотать 
24806	 профессор в н таганцев желать давать показание он пытать заключать он пробковый камера держать он там день пытка провокация добиваться нужный 
24806	 тот расправа поволжьи саратов где чиновник ведомство дзержинский чекист озолин отрицать факт пытка арестованный где житель 
24806	 дискутироваться открывать журнал дзержинский еженедельник вчк допустимость самый настоящий физический пытка точка зрение революционный марксизм 
24806	 потом пытка тямин становиться ненужный 
24806	 тот время подвал его ведомство идти пытка казнь концентрационный лагерь 
24806	 один рассказ шаламов говориться судьба заместитель начальник ленинградский унквд никонов сподвижник ежов заковский который время следствие раздавливать яичко этот метод самый страшный пытка который невозможно выдерживать писать 
24806	 как писать недавно один друг солженицын он удаваться хорошо другой высказывать что сказать миллион умолкать казнить убитый замучивать пытка каторжный труд что говорить 
24806	 изучение немецкий архипелаг гулаг входить задача солженицын он говорить ряд случай пытка гестапо бесчеловечный 
24806	 солженицын право нисколько отступать истина писать сталин начинать массовый репрессия миллионный депортация пытка фальсифицировать процесс задолго 
24806	 хорошо знать солженицын говорить другой место то религиозный идеология облегчать двухсотлетний зверство инквизиция сожжение пытка еретик 
24806	 пытка избиение она писать у 
24806	 видимо сванидзе сламывать ложный показание себя он давать тогда личный показание выбивать пытка являться достаточный основание расстрел 
24806	 они многое я открывать глаз рассказывать свой арест применять допрос пытка судьба десяток общий знакомый 
24806	 что он сейчас воспоминание зачем этот пытка ничего изменять нельзя 
24806	 потом он решать весь этот пытка происходить неподвижность оттого что 
24806	 мочь дождаться кончаться этот пытка 
24806	 тель-авив зверство политик пытка сень нато й 
24806	 один человек я видеть он время этот процедура слеза град глаз сыпаться веселый быть пытка кто смотреть тот смеяться 
24806	 потому бояться пытка концлагерь потому 
24806	 психопат отводить свободный рука рука сестра шприц пытка какой-то лечение сестричка 
24806	 падать обморок я уводить домой это кончаться мой ежегодный религиозный пытка 
24806	 я мочь показывать вы документ чудовищный пытка применять анненков 
24806	 анненков пытаться восстанавливать монархия помощь террор изощренность пытка надругательство человеческий тело превосходить 
24806	 жертва колчаковский полевой контроль лежать штабель стена след жестокий пытка быть они 
24806	 я запрещать телесный наказание пытка вы что-нибудь известно они 
24806	 уже конец роман клитофонт ложный обвинение приговаривать смертный казнь смерть должный подвергать пытка 
24806	 конец роман снова упоминаться этот война так случай ее окончание совершаться тот религиозный процессия честь артемида который приостанавливать пытка казнь клитофонт 
24806	 скоро бывать она человек сделаться он пытка 
24806	 страх отсчитывать время приближение он знать быть пытка каждый стул который 
24806	 набор старинный европа любознательный посетитель узкий квартал древний пивной обязательно всюду необходимый часть милый старина орудие пытка каменный темница поэтический легенда 
24806	 графа документальность отсутствие важный документ почему адвокат защитник потребовать медицинский освидетельствование подзащитный след пытка 
24806	 положение признание пытка государство полиция быть 
24806	 смотреть фильм меньший пытка тот показывать 
24806	 подвергать себя бодрый пытка читать хватать что-то внутри 
24806	 еще ложиться спать еще думать этот человек подсознательно уже страх ожидать очередной бессонный пытка 
24806	 другой больший половина дом лидия михайловна жить сам директор я идти туда пытка то природа 
24806	 следователь уже хватать горло сила угроза пытка быть общий прием кормить 
24806	 ты золото быть ты сам определять мера пытка мера выдержка свой будущий 
24806	 один тот татарин извозчик выдерживать все пытка золото 
24806	 исключительность который теперь письменный устный легенда приписывать му год видеть создание придумывать вино пытка 
24806	 такой простой здесь связь раз надо обвинять что то становиться значит неизбежный угроза насилие пытка фантастичный обвинение то 
24806	 раз дутый дело быть всегда насилие пытка быть всегда это 
24806	 почему странно сейчас воспоминание бывший зек иногда прочитывать пытка быть разрешать весна 
24806	 верно сказать год так этот год применение пытка требоваться какой-то оформление разрешение 
24806	 можно поверять порхать мотылек рэмзя кларк то все министр юстиция понятие иметь догадываться мочь военнопленный который подавать он бумага нужный политический цель кларка то подвергать пытка 
24806	 так теперь слышать рассказ трепов то надзиратель готовиться порка боголюбов нарочно глаз арестант складывать двор пучок розга жест показывать быть пороть ощущать тот самый пытка ненависть бессилие 
24806	 партикулярный господин видимо агент крупный чин терять время докладывать профессор фармация трапп получать письменный предупреждение злодейский комитет то воздерживаться пытка арестовывать дознание что 
24806	 шиш узнавать никакой пытка заставлять гришка заговаривать в 
24806	 хотеть допускать тот нравственный пытка который вы я угощать 
24806	 где все прочее пытка воск железо галерея 
24806	 другой время андрей непременно зайти посмотреть орудие пытка меч употреблять казнь 
24806	 спор это быть много большинство считать пытка весь время изменяться 
24806	 словечко сказать правда пытка сказать они 
24806	 тело весь еще болеть пытка тайный приказ 
24806	 артист искусство всякий пытка приходиться терпеть 
24806	 великий стратег щедро весело злорадно расправляться свой чужой весь его холеный человек бородка орден стрелять себя висок выбрасываться окно умирать чудовищный пытка проходить перешагивать друг друг 
24806	 идти покорно что спрашивать андрей приходить голова так безмолвно безропотный он идти расстрел пытка любой унижение 
24806	 сей пора всякий такой встреча вообще всякий прилюдный выступление трибуна я пытка казнь 
24806	 работа ася редакция превращаться двойной пытка угнетать необходимость иметь дело 
24806	 хорошо сказать я наконец попытка пытка 
24806	 то он быть истерзать пытка 
24806	 самый дело она трудно быть поверять мы начинать рассказывать пытка подземелье предательство 
24806	 главный быть мочь быть низменный самоистязательный тяга полюбопытствовать вмазываться этот пытка давно уже догадываться что 
24806	 они чтение тогдашний научный книга русский человек становиться пытка 
24806	 он голос повышать разговор то применять пытка 
24806	 самый главное чуть мы выходить берег он должный быть обязанный перепоручать мы забота старуха сам мчаться домой единый минута длить пытка переживать мать 
24806	 отсмеяться сказать убежденно он что какой пытка сказать 
24806	 он знать он угрожать он выдерживать пытка страх 
24806	 сомнение одолевать старик он идти пытка все идти 
24806	 довольно вспомнить пытка ревность который георгий терзать я 
24806	 величественный фасад размещаться отлично оборудовать следовательский кабинет помещение пытка каменный мешок подвал 
24806	 год я снова наблюдать стоверстный драма крохотный драма сдирать кожа общий ров свинец пытка который так избаловывать мы нашаэпоха 
24806	 испытание страх один самый страшный пытка она человек оправляться 
24806	 я слышать женщина котораягероически выдерживать весь пытка давать показание 
24806	 карцер башня пытка идиот сейчас сказать он 
24806	 этот слово все приходить ум картина адский пытка уготовать грешник загробный жизнь 
24806	 бессонов повертываться внезапно почувствовать мочь упасть оступаться неверный шаг пойти назад боль пытка увидеть громада 
24806	 потом горлышко фляжка он раздвигать парень зуб тот стон отклонять голова бессознательно пытка сопротивляться один рука придерживать 
24806	 разговор анна павловна быть он пытка 
24806	 вопрос вообще много мочь быть ответ пытка неуют сказать я переводчица старый 
24806	 весь человечество весь человечество мы подвергать себя чудовищный опыт мучиться глаз весь мир сохранять верность наш пытка конец то 
24806	 она совмещаться девичий чистота открытость привычка буржуазный благополучие который разорение становиться пытка 
24806	 я выдерживать пытка провожать она 
24806	 разрабатывать пытка психологический подавление создавать 
24806	 этот раз пытка процедура просто уничтожать 
24806	 быть человек высокий героизм применять они достаточно длительный достаточно сильный пытка они также сломаться превращаться 
24806	 он начинать пространный путаный говорить несправедливость массовый казнь пытка глупый сановник ничтожество три член 
24806	 хорошо быть конечно вызывать звездолет активный действие пытка заставлять владычица землянин приказывать наносить 
24806	 пытка заставлять что-то сделать они 
24806	 декорация задник зеленовато-голубой который проступать зависимость содержание сцена колесо пытка рука кот держать роза 
24806	 тут быть мой ошибка то я понимать набивание колодка пытка боль 
24806	 здесь заседать трибунал здесь стоять дыба орудие пытка огонь уже гореть 
24806	 фальшивый письмо донос показание вырывать пытка слуга все быть пускать 
24806	 мочь быть естественный страх пытка смерть 
24806	 совершенно непонятно человек ослабевать потеря кровь пытка нуждаться уход полуживой мочь 
24806	 этот штатский мочь быть он намекать пытка 
24806	 потом он однажды попадаться лапа контрразведка выживать чудо изуродовать пытка быть вытаскивать сосед камера 
24806	 я ты принимать я ты почет оказывать ты весь я весь лай пытка михаил вдруг нестерпимо стыдно становиться 
24806	 минута отчаяние думать смочь спасать умирать пытка любимый женщина борша подписывать обязательство 
24806	 художник утверждать пытка казнь палачество удушение человеческий свобода 
24806	 потому истинный писатель мочь переживать молчание зажимать железо губа все остальное переживать мочь он нарушать молчание принимать голод пытка гибель близкий тюрьма непризнанность клевета 
24806	 грозный гром бой предрешать суд пытка казнь убийство угол 
24806	 дьявольский козни другой способ пытка шантаж провокация можно заставлять 
24806	 промежуток пытка мучитель грозиться кастрировать он 
24806	 два час ранчо быть взять бой два час сообщник ассумпсио вполне хватить увезти надежно спрятать полумертвый пытка узник 
24806	 они допрашивать он пытать ужасный пытка весь ночь 
24806	 еще один обстоятельство один два операция этот попутно послужить новый подтверждение то штаб валя находиться окружение партизан одновременно избавлять генрих шварцкопф чреватый опасность нравственный пытка 
24806	 это помогать вы избегать пытка вы оказываться затруднительный 
24806	 так вы удаваться скрывать самый важный неизвестный противник сведение который иной случай вы несомненно вытягивать длительный пытка 
24806	 они поймать они самый страшный пытка выдавать немецкий рабочий 
24806	 как ты смочь выдерживать этот пытка 
24806	 различный мистический аксессуар клятва свет факел загробный голос оповещать измена дело член организация казнить весь родственник ослушник процедура испытание пытка весь это очень полезный так 
24806	 палач гестапо терпеливо усердно пытать он могучий сильный способный выдерживать самый ужасный пытка который другой менее стойкий 
24806	 весь возможный обстоятельство который человек мочь утрачивать власть себя пытка угроза казнь быть обсуждать 
24806	 он запоминать квалифицированный способ пытка предлагать применять упрямец 
24806	 прийти себя избиение пытка пассажир подопечный папка становиться яростно 
24806	 иоганн отчетливо сознавать добровольно сунуть голова пасть гестапо малый неточность документ какой-либо оплошность допускать они здесь мочь становиться он смертный приговор предварять тщательный допрос пытка 
24806	 какой пытка быть фашист глаз этот 
24806	 переоценивать он себя хватить он металл душа выдерживать тот духовный инквизиторский пытка который он себя обрекать 
24806	 он открывать методика поиск выявлять тот кто следовать выявлять узнавать имя заключенный доблестный проходить весь пытка встречать смерть достоинство 
24806	 администрация лагерь часто встречаться зверь человечий личина изобретательно неустанно придумывать изощрять пытка они считать увлекающийся полезный 
24806	 как он быть наивный самонадеянный утверждать копание грязный сумерки подполье искалечивать душа бессмысленный сладостный пытка ничто более 
24806	 это гораздо более изощренный заряд лицемерие демагогия опора откровенно людоедский программа гитлер прогрессивный научный популярный трудящийся социалистический идеология который являться очень удобный ширма обман рабочий класс усыпление бдительность интеллигенция соперник борьба власть коварный внезапный использование механизм цепной реакция пытка казнь донос запугивание 
24806	 менее советский человек погибать застенок нквд пытка казнь лагерь 
24806	 никогда думать пытка бессонница самый страшный 
24806	 потом пытка становиться невыносимый эслер сказать что 
24806	 что вы предпочитать моментальный смерть яд пытка гестапо 
24806	 вы быть спрашивать это пытка 
24806	 случаться знать мой имя раз вы произносить бред пытка означать мой смерть вместе 
24806	 кэт молчать ребенок она приходиться самый испивать горький чаша пытка 
24806	 этот хотеть перевоспитывать истаптывать то вздергивать виселица конечно я выдерживать их пытка тогда первый раз я 
24806	 он сказать шофер вероятно сламывать пытка подвал он больше 
24806	 весь команда мери диир капитан испанский фрегат приказывать суд следствие вздергивать рей томпсон его близкий помощник заковывать кандалы везти панама пытка вынуждать раскрывать тайна клад 
24806	 пират злодей редо далее пытка показывать 
24806	 читать просто перелистывать этот скучный бумага он пытка 
24806	 взять камера пытка девчонка уже там 
24806	 полынов растерянно оглядеться схватывать стол какой-то орудие пытка похожий клещ 
24806	 второй глаз он заплывать видимо он доводиться побывать камера пытка 
24806	 малый попытка маскировать цинизм жестокость сладострастный предвкушение пытка который сейчас быть подвергать жертва 
24806	 аккомпанемент этот дискантовый звук я обрушиваться заключительный аккорд двухлетний пытка короткий фраза 
24806	 сидеть весь состав правительство татария допрос теперь разрешать физический пытка иркутск сидеть весь 
24806	 кругом говорить кампания избиение пытка 
24806	 чистый сердечный признание пытка о 
24806	 крайний мера клара побывать гестапо уверять орудие пытка безусловно вывозить гитлеровский германия 
24806	 мысленно видеть шататься выходить камера пытка окровавленный истерзать жертва 
24806	 плохой все пытка бессонница время следствие нарушать 
24806	 знать там этот застенок пытка сейчас я почти 
24806	 они никогда поверять можно вынести подобный пытка течение восъми девять час 
24806	 она говорить больше мочь вынести этот пытка 
24806	 я говорить то больной бред который вырываться человек пытка 
